0.0001
0.0001
0.0001
0.00070028
0.002
0.0025
0.002765181
0.002875788
0.004802401
0.0051
0.027
0.0274
0.037214444
0.049780173
0.05106383
0.067306731
0.072696534
0.079884851
0.0979
0.113926889
0.137890395
0.138544892
0.159
0.1803
0.18346101
0.1853
0.229532898
0.248613212
0.258027079
0.264191711
0.266728148
0.276665934
0.279487811
0.279635258
0.287222051
0.309228797
0.31181578
0.319354115
0.322446864
0.375243365
0.415661167
0.560400707
0.5778
0.5872
0.6461
0.687877856
0.715204236
0.723770006
0.728660723
0.732503493
0.734505274
0.7418
0.745260785
0.757234123
0.763605442
0.769184592
0.798760949
0.843
0.850417616
0.861186119
0.862280971
0.862714509
0.871487149
0.8791
0.8841
0.902478103
0.9058
0.9102
0.910264106
0.9107
0.9164
0.917716979
0.920092009
0.938
0.938193819
0.943077231
0.947073537
0.953576788
0.963981991
0.96549655
0.968449318
0.9692
0.975129279
0.98440438
0.9879
0.98939894
0.99489949
0.9952
0.9959996
0.99949995