100	91_INTNODE2404	5	137	0.42418797512094	0.315272978576365	0.585901865929509	0.684727021423635
100	128_INTNODE2435	1	305	0.751025560113601	0.972441358998633	0.256232249921111	0.0275586410013674
100	145_INTNODE2426	5	199	0.269449715370019	0.0928435890485226	0.737733803198699	0.907156410951477
100	496_INTNODE2434	1	265	0.9201	0.9999	0.083	0.0001
100	488_INTNODE2434	6	269	0.0983	0.0335	0.9037	0.9665
100	179_INTNODE2429	6	230	0.0018001800180018	0.0003000300030003	0.998299829982998	0.999699969997
100	261_INTNODE2435	6	305	0.397496581466288	0.543599453034606	0.603765646365836	0.456400546965394
100	173_INTNODE2405	3	142	0.0931914893617021	0.0370212765957447	0.908085106382979	0.962978723404255
100	209_INTNODE2406	3	143	0.966376463524467	0.431702191534074	0.043230261182828	0.568297808465926
100	13_INTNODE2406	2	143	0.999599719803863	1	0.000400280196137296	0
100	240_INTNODE2421	3	183	0.861581920903955	0.0980629539951574	0.154156577885391	0.901937046004843
100	470_INTNODE2428	3	205	0.982580838922815	0.991190309340274	0.0199219141055161	0.0088096906597257
100	4_INTNODE2429	2	230	0.0007000700070007	0.0003000300030003	0.999299929992999	0.999699969997
100	186_INTNODE2429	7	230	0.175817581758176	0.924492449244924	0.833683368336834	0.0755075507550755
100	138_INTNODE2416	6	181	0.762936221419976	0.33453670276775	0.239069394304051	0.66546329723225
100	151_INTNODE2425	6	191	0.00325696316262354	0.00224618149146451	0.99685534591195	0.997753818508536
100	205_INTNODE2406	9	123	0.793855698989293	0.997198038627039	0.209046332432703	0.00280196137296107
100	293_INTNODE2415	5	175	0.726012404232032	0.548461632007783	0.279946491548097	0.451538367992217
100	171_INTNODE2429	6	230	0	0	1	1
100	269_INTNODE2423	3	185	0.052168815943728	0.513774912075029	0.948563892145369	0.486225087924971
100	12_INTNODE2406	4	143	0.996397478234764	0.998198739117382	0.00740518362853998	0.00180126088261783
100	155_INTNODE2404	3	137	0.28790601243953	0.345127850725639	0.725639253628196	0.654872149274361
100	201_INTNODE2434	7	269	0.0248	0.4335	0.9776	0.5665
100	238_INTNODE2422	34	184	0.0396700706991359	0.0392772977219167	0.961115475255302	0.960722702278083
100	176_INTNODE2434	23	269	0.8563	0.257	0.1529	0.743
100	223_INTNODE2404	2	137	0.975673807878369	0.979267449896337	0.027643400138217	0.0207325501036628
100	78_INTNODE2434	3	269	0.9203	0.0527	0.0832	0.9473
100	415_INTNODE2429	4	230	0.0181018101810181	0.0057005700570057	0.981898189818982	0.994299429942994
100	418_INTNODE2406	6	143	0.0508355849094366	0.00680476333433403	0.952967076953868	0.993195236665666
100	111_INTNODE2428	7	168	0.780858944839323	0.913304635098608	0.224046451096206	0.0866953649013915
100	113_INTNODE2429	9	230	0.962496249624962	0.970497049704971	0.0421042104210421	0.0295029502950295
100	88_INTNODE2401	4	103	0.996697027324592	0.998498648783905	0.00420378340506456	0.00150135121609449
100	210_INTNODE2406	4	143	0.786550585409787	0.741418993295307	0.215851095767037	0.258581006704693
100	97_INTNODE2401	4	103	0.781803623260935	0.911420278250425	0.220998899009108	0.0885797217495746
100	206_INTNODE2435	3	163	0.893131376880194	0.50972967287262	0.109287893131377	0.49027032712738
100	11_INTNODE2401	1	103	0.988289460514463	0.999499549594635	0.0138124311880693	0.000500450405364828
100	178_INTNODE2426	8	199	0.702222824613716	0.752371916508539	0.306316074817024	0.247628083491461
100	73_INTNODE2425	3	191	0.00314465408805031	0.00516621743036837	0.996967654986523	0.994833782569632
100	232_INTNODE2435	2	140	0.943410118859788	0.951614599768592	0.0575365520143052	0.0483854002314084
100	289_INTNODE2429	2	127	0.999299929992999	0.999899989999	0.0007000700070007	0.0001000100010001
100	287_INTNODE2401	2	103	0.00100090081072966	0.000400360324291863	0.99899909918927	0.999599639675708
100	238_INTNODE2434	3	104	0.8917	0.5441	0.1149	0.4559
100	144_INTNODE2406	1	143	1	1	0	0
100	210_INTNODE2434	1	127	0.9167	0.9974	0.0899	0.0026
100	169_INTNODE2434	8	208	0.9904	0.9999	0.0098	0.0001
100	292_INTNODE2433	2	264	0.731224781986203	0.942340231680333	0.277365612390993	0.0576597683196668
100	90_INTNODE2429	4	230	0.0008000800080008	0.0002000200020002	0.999199919991999	0.999799979998
100	470_INTNODE2434	1	127	0.162	0.0367	0.8474	0.9633
100	16_INTNODE2402	2	128	0.718106995884774	0.939643347050754	0.298125285779607	0.0603566529492455
100	60_INTNODE2435	2	163	0.297675397075839	0.37098979699169	0.7030609024929	0.62901020300831
100	85_INTNODE2434	4	269	0.9465	0.9999	0.0563	0.0001
100	184_INTNODE2429	5	230	0.0001000100010001	0	0.999899989999	1
100	206_INTNODE2406	8	134	0.999499649754828	0.99259481637146	0.000600420294205944	0.00740518362853998
100	71_INTNODE2406	3	143	0.880716501551086	0.995897127989593	0.13169218452917	0.00410287201040728
100	311_INTNODE2423	3	185	0.873094958968347	0.952520515826495	0.139507620164127	0.0474794841735053
100	232_INTNODE2418	1	182	0.053556827473426	0.0580539656582175	0.949304987735078	0.941946034341782
100	74_INTNODE2402	4	128	0.883058984910837	0.457361682670325	0.12037037037037	0.542638317329675
100	88_INTNODE2428	3	144	0.00350385423966363	0.00340374411853038	0.99659625588147	0.99659625588147
100	142_INTNODE2406	20	143	0.917942559791854	0.688782147503252	0.100170119083358	0.311217852496748
100	207_INTNODE2425	2	130	0.989442946990117	0.988544474393531	0.0106693620844564	0.011455525606469
100	97_INTNODE2429	1	169	0.993199319931993	0.997399739973997	0.0071007100710071	0.0026002600260026
100	102_INTNODE2402	1	128	0.337677183356196	0.399862825788752	0.687242798353909	0.600137174211248
100	202_INTNODE2406	7	106	0	0.000100070049034324	1	0.999899929950966
150	97_INTNODE2429	1	169	0.996499299859972	0.997099419883977	0.00370074014802961	0.0029005801160232
150	311_INTNODE2423	3	185	0.891042780748663	0.953208556149733	0.124498663101604	0.0467914438502674
150	232_INTNODE2418	1	182	0.0627470355731225	0.0686758893280632	0.940217391304348	0.931324110671937
150	60_INTNODE2435	2	163	0.30261071768312	0.376175879928126	0.698234858894409	0.623824120071874
150	85_INTNODE2434	4	269	0.987596278883665	0.999799939981995	0.0133039911973592	0.000200060018005402
150	184_INTNODE2429	5	230	0.000500100020004001	0.0003000600120024	0.999499899979996	0.999699939987998
150	169_INTNODE2434	8	208	0.999299789936981	0.998599579873962	0.000700210063018906	0.00140042012603781
150	292_INTNODE2433	2	264	0.738158281847602	0.920564872021183	0.272580170638423	0.0794351279788173
150	90_INTNODE2429	4	230	0.0011002200440088	0.000600120024004801	0.998899779955991	0.999399879975995
150	206_INTNODE2435	3	163	0.902230208223232	0.512630800126836	0.0997780361483987	0.487369199873164
150	178_INTNODE2426	8	199	0.716627974463146	0.757544979686593	0.292222867092281	0.242455020313407
150	73_INTNODE2425	3	191	0.0038832666509767	0.00670746057895976	0.996352082843022	0.99329253942104
150	415_INTNODE2429	4	230	0.016503300660132	0.00670134026805361	0.983496699339868	0.993298659731946
150	111_INTNODE2428	7	168	0.776875250701966	0.910850381066988	0.226333734456478	0.0891496189330124
150	113_INTNODE2429	9	230	0.972094418883777	0.96879375875175	0.0320064012802561	0.0312062412482496
150	176_INTNODE2434	23	269	0.910573171951585	0.28038411523457	0.0969290787236171	0.71961588476543
150	78_INTNODE2434	3	269	0.973792137641292	0.0725217565269581	0.0297089126738021	0.927478243473042
150	269_INTNODE2423	3	185	0.0596590909090909	0.533255347593583	0.940842245989305	0.466744652406417
150	238_INTNODE2422	34	184	0.0474608448030375	0.0498338870431894	0.953488372093023	0.950166112956811
150	201_INTNODE2434	7	269	0.0149044713414024	0.440632189656897	0.98739621886566	0.559367810343103
150	138_INTNODE2416	6	181	0.75732421875	0.34423828125	0.244140625	0.65576171875
150	151_INTNODE2425	6	191	0.00400094139797599	0.00270651918098376	0.996116733349023	0.997293480819016
150	293_INTNODE2415	5	175	0.693174198739439	0.559876625989004	0.311787582137589	0.440123374010996
150	171_INTNODE2429	6	230	0.0002000400080016	0.0003000600120024	0.999799959991998	0.999699939987998
150	240_INTNODE2421	3	183	0.875675675675676	0.112530712530713	0.138574938574939	0.887469287469287
150	4_INTNODE2429	2	230	0.000900180036007201	0.000700140028005601	0.999099819963993	0.999299859971994
150	470_INTNODE2428	3	205	0.995487364620939	0.988868832731649	0.00601684717208183	0.0111311672683514
150	186_INTNODE2429	7	230	0.171334266853371	0.923184636927386	0.83876775355071	0.0768153630726145
150	145_INTNODE2426	5	199	0.273215322112594	0.106355194428323	0.733894370284388	0.893644805571677
150	496_INTNODE2434	1	265	0.973392017605282	0.999299789936981	0.0299089726918075	0.000700210063018906
150	488_INTNODE2434	6	269	0.0827248174452336	0.0489146744023207	0.919675902770831	0.951085325597679
150	179_INTNODE2429	6	230	0.002000400080016	0.000700140028005601	0.998099619923985	0.999299859971994
150	261_INTNODE2435	6	305	0.406193848430398	0.545291195433886	0.595180213508086	0.454708804566114
150	128_INTNODE2435	1	305	0.762815770003171	0.97019342564211	0.244477327978015	0.0298065743578903
50	99_INTNODE2298	4	52	0.734505273731793	0.629331993972878	0.460170768458061	0.370668006027122
50	238_INTNODE2422	34	184	0.0372144436256448	0.0361090641120118	0.963522476050111	0.963890935887988
50	201_INTNODE2434	7	269	0.027	0.4277	0.9754	0.5723
50	326_INTNODE2400	8	99	0.0726965342349958	0.110876303183995	0.927867004790082	0.889123696816005
50	289_INTNODE2399	9	92	0.113926889437094	0.0579726396052927	0.896165059430366	0.942027360394707
50	269_INTNODE2423	3	185	0.0497801730251028	0.511558644163948	0.951070770103531	0.488441355836052
50	205_INTNODE2429	3	87	0.8841	0.6272	0.1226	0.3728
50	138_INTNODE2429	1	88	0.7418	0.8319	0.2677	0.1681
50	155_INTNODE2404	3	137	0.279487810884019	0.328983009111056	0.732578182713617	0.671016990888944
50	240_INTNODE1247	2	58	0.56040070713023	0.646434885091338	0.450009821253192	0.353565114908662
50	12_INTNODE2406	4	143	0.989398939893989	0.999299929992999	0.0123012301230123	0.0007000700070007
50	277_INTNODE1247	1	58	0.183461009624828	0.168532704773129	0.844431349440189	0.831467295226871
50	169_INTNODE2394	21	84	0.968449317520698	0.86149026627881	0.0331170284179906	0.13850973372119
50	205_INTNODE2406	9	123	0.871487148714872	0.999099909990999	0.133013301330133	0.0009000900090009
50	293_INTNODE2415	5	175	0.723770005927682	0.544991108476586	0.282039122703023	0.455008891523414
50	171_INTNODE2435	2	67	0.266728148375858	0.142637565324316	0.739522492058613	0.857362434675684
50	171_INTNODE2429	6	230	0	0	1	1
50	138_INTNODE2416	6	181	0.757234122510335	0.317925591882751	0.244269071777527	0.682074408117249
50	151_INTNODE2425	6	191	0.00287578807654021	0.00199093020683553	0.997234819157173	0.998009069793165
50	202_INTNODE2435	2	76	0.68787785633774	0.676196331591352	0.312839430269495	0.323803668408648
50	91_INTNODE2428	1	83	0.947073536768384	0.987093546773387	0.0593296648324162	0.0129064532266133
50	88_INTNODE2401	4	103	0.943077230892357	0.999499799919968	0.0644257703081232	0.000500200080032013
50	210_INTNODE2406	4	143	0.861186118611861	0.758975897589759	0.140914091409141	0.241024102410241
50	97_INTNODE2401	4	103	0.763605442176871	0.937374949979992	0.238295318127251	0.062625050020008
50	418_INTNODE2406	6	143	0.0673067306730673	0.0027002700270027	0.937793779377938	0.997299729972997
50	415_INTNODE2429	4	230	0.0274	0.0026	0.9726	0.9974
50	111_INTNODE2298	3	52	0.229532898041185	0.382621798091411	0.840783525866399	0.617378201908589
50	111_INTNODE2428	7	168	0.769184592296148	0.92736368184092	0.237718859429715	0.0726363181590795
50	113_INTNODE2429	9	230	0.9164	0.9898	0.0881	0.0102
50	78_INTNODE2434	3	269	0.9107	0.0486	0.0935	0.9514
50	13_INTNODE2429	3	88	0.1803	0.1948	0.8272	0.8052
50	176_INTNODE2434	23	269	0.843	0.2498	0.1668	0.7502
50	223_INTNODE2404	2	137	0.975129278502832	0.987441516867767	0.0272100467865058	0.0125584831322334
50	179_INTNODE2429	6	230	0.0051	0.0001	0.9949	0.9999
50	261_INTNODE2435	6	305	0.375243365098883	0.58243672507429	0.62567886053899	0.41756327492571
50	145_INTNODE2426	5	199	0.248613212304589	0.0747604639435199	0.758951084215835	0.92523953605648
50	496_INTNODE2434	1	265	0.9102	0.9999	0.0938	0.0001
50	488_INTNODE2434	6	269	0.0979	0.0296	0.9045	0.9704
50	145_INTNODE2429	2	65	0.5778	0.3998	0.449	0.6002
50	106_INTNODE1237	1	61	0.279635258358663	0.164471462343803	0.799054373522459	0.835528537656197
50	91_INTNODE2404	5	137	0.415661167200197	0.299433637035213	0.595419847328244	0.700566362964787
50	86_INTNODE2399	2	92	0.319354115272483	0.753195783808029	0.685916124691635	0.246804216191971
50	128_INTNODE2435	1	305	0.728660723434778	0.985039450763398	0.277384977969054	0.0149605492366021
50	240_INTNODE2421	3	183	0.85041761579347	0.0911161731207289	0.165907365223994	0.908883826879271
50	489_INTNODE2301	4	72	0.276665933582582	0.426435012095887	0.728832197053002	0.573564987904113
50	361_INTNODE2395	2	86	0.322446863659927	0.491057542768274	0.679756350440643	0.508942457231726
50	4_INTNODE2429	2	230	0.002	0.0001	0.998	0.9999
50	186_INTNODE2429	7	230	0.1853	0.9615	0.8218	0.0385
50	470_INTNODE2428	3	205	0.963981990995498	0.9951975987994	0.0386193096548274	0.0048024012006003
50	209_INTNODE2406	3	143	0.965496549654965	0.421442144214421	0.0423042304230423	0.578557855785579
50	13_INTNODE2406	2	143	0.995999599959996	1	0.004000400040004	0
50	173_INTNODE2405	3	142	0.0798848506657071	0.0302267002518892	0.921554516012954	0.969773299748111
50	184_INTNODE2435	1	76	0.745260784916487	0.702121118967107	0.259657751818834	0.297878881032893
50	155_INTNODE2428	2	83	0.953576788394197	0.989594797398699	0.0466233116558279	0.0104052026013007
50	232_INTNODE2418	1	182	0.051063829787234	0.0545454545454545	0.951644100580271	0.945454545454545
50	206_INTNODE2406	8	134	0.994899489948995	0.996899689968997	0.0053005300530053	0.0031003100310031
50	71_INTNODE2406	3	143	0.92009200920092	0.998399839983998	0.0851085108510851	0.0016001600160016
50	311_INTNODE2423	3	185	0.862714508580343	0.955892781165792	0.149340519075308	0.0441072188342079
50	209_INTNODE2429	1	88	0.6461	0.6905	0.3712	0.3095
50	16_INTNODE2402	2	128	0.798760948515274	0.968703268532365	0.210959196752831	0.0312967314676351
50	60_INTNODE2435	2	163	0.287222051439697	0.386822420329952	0.713905113228814	0.613177579670048
50	85_INTNODE2434	4	269	0.938	0.9999	0.066	0.0001
50	184_INTNODE2429	5	230	0	0	1	1
50	470_INTNODE2434	1	127	0.159	0.033	0.8491	0.967
50	202_INTNODE2406	7	106	0	0	1	1
50	97_INTNODE2429	1	169	0.9692	0.9998	0.0321	0.0002
50	207_INTNODE2425	2	130	0.984404380046455	0.990155956199535	0.0158168344209711	0.00984404380046455
50	102_INTNODE2402	1	128	0.309228797265542	0.396496475112156	0.711920529801324	0.603503524887844
50	142_INTNODE2406	20	143	0.938193819381938	0.7002700270027	0.0698069806980698	0.2997299729973
50	74_INTNODE2402	4	128	0.902478102969451	0.464751121555223	0.0997650074770348	0.535248878444777
50	182_INTNODE2305	4	76	0.258027079303675	0.150870406189555	0.743133462282398	0.849129593810445
50	88_INTNODE2428	3	144	0.0048024012006003	0.00140070035017509	0.9951975987994	0.998599299649825
50	232_INTNODE2435	2	140	0.917716979198688	0.974280151654883	0.0843324111076955	0.0257198483451173
50	289_INTNODE2429	2	127	0.9952	1	0.0049	0
50	11_INTNODE2401	1	103	0.910264105642257	0.999899959983994	0.0968387354941977	0.000100040016006403
50	206_INTNODE2435	3	163	0.862280971411005	0.547187211804488	0.141202992109847	0.452812788195512
50	178_INTNODE2426	8	199	0.715204236006051	0.782400403429148	0.292107917297025	0.217599596570852
50	73_INTNODE2425	3	191	0.00276518084282712	0.00442428934852339	0.997345426390886	0.995575710651477
50	202_INTNODE2429	4	88	0.5872	0.7129	0.4291	0.2871
50	90_INTNODE2429	4	230	0.0025	0	0.9975	1
50	210_INTNODE2434	1	127	0.9058	0.9977	0.1019	0.0023
50	156_INTNODE1247	2	58	0.264191710862306	0.205067766647024	0.75741504615989	0.803574936161854
50	169_INTNODE2434	8	208	0.9879	0.9999	0.0124	0.0001
50	292_INTNODE2433	2	264	0.732503492950591	0.948431347643846	0.275498539311571	0.0515686523561539
50	238_INTNODE2434	3	104	0.8791	0.5432	0.128	0.4568
50	3_INTNODE2304	14	75	0.138544891640867	0.155959752321981	0.863390092879257	0.844040247678019
50	144_INTNODE2406	1	143	0.999499949994999	1	0.0005000500050005	0
50	361_INTNODE1247	1	58	0.137890394814378	0.137890394814378	1	0.862109605185622
50	15_INTNODE1235	1	54	0.311815779539449	0.289920724801812	0.841449603624009	0.710079275198188
50	287_INTNODE2401	2	103	0.000700280112044818	0.000300120048019208	0.999299719887955	0.999699879951981
