100	175_INTNODE4215	7	154	0.970593094333388	0.953741946142409	0.0315546010242855	0.0462580538575913
100	73_INTNODE4095	3	104	0.702006815600151	0.884134797425218	0.3067020068156	0.115865202574782
100	174_INTNODE4232	6	135	0.713212461184013	0.904738054692978	0.296704397475709	0.0952619453070219
100	189_INTNODE4224	19	193	0.999799458538053	0.993382131755741	0.000200541461947258	0.0066178682442595
100	161_INTNODE4232	10	118	0.0339577281378343	0.441750976660323	0.96624261244115	0.558249023339677
100	147_INTNODE4207	3	116	0.615515409139214	0.80807651434644	0.400637619553666	0.19192348565356
100	209_INTNODE4241	8	113	0.359760658189978	0.317127898279731	0.642483171278983	0.682872101720269
100	19_INTNODE4238	23	270	0.770937540079518	0.893164037450301	0.235603437219443	0.106835962549699
100	276_INTNODE4232	11	244	0.011018731844135	0.0171291195031554	0.990083141340279	0.982870880496845
100	18_INTNODE4224	3	205	0.0426150606637922	0.485410608643337	0.961295497844179	0.514589391356663
100	213_INTNODE4230	3	101	0.858590078328982	0.950809399477807	0.147885117493473	0.0491906005221932
100	98_INTNODE4207	2	179	0.927205100956429	0.985547290116897	0.0731137088204038	0.0144527098831031
100	391_INTNODE4195	2	108	0.992010790620461	0.993152106246109	0.00902676903921975	0.00684789375389085
100	158_INTNODE4148	15	121	0.472202423378475	0.382988833452126	0.538845331432644	0.617011166547874
100	153_INTNODE4102	6	107	0.0380243041944336	0.0184241473931791	0.963151705213642	0.981575852606821
100	153_INTNODE4232	3	141	0.995692677551838	0.999198637684063	0.00450766302714615	0.000801362315937093
100	11_INTNODE4201	5	106	0.0861771058315335	0.0279697624190065	0.918790496760259	0.972030237580993
100	174_INTNODE4127	10	109	0.983832204500765	0.968866069477824	0.0167140048066419	0.0311339305221761
100	16_INTNODE4236	17	266	0.525314645308924	0.73312356979405	0.482122425629291	0.26687643020595
100	291_INTNODE4258	2	186	0.987082773586855	0.994523096000827	0.0134339154696704	0.0054769039991733
100	291_INTNODE4138	14	120	0.721330275229358	0.576070336391437	0.28019877675841	0.423929663608563
100	205_INTNODE4200	9	110	0.991828911530314	0.976999899122365	0.0086754766468274	0.0230001008776354
100	292_INTNODE4129	6	117	0.584690917205981	0.604329390760991	0.433385405043517	0.395670609239009
100	176_INTNODE4231	2	237	0.00779572929612473	0.00655293187210485	0.992317252287877	0.993447068127895
100	70_INTNODE4232	9	244	0.00530902534308324	0.0041069818691776	0.995091655814885	0.995893018130822
100	151_INTNODE4195	2	130	0.997821124714671	0.998547416476447	0.00238638721726499	0.0014525835235526
100	258_INTNODE4258	6	302	0.737418621473597	0.607936343908236	0.270125038751679	0.392063656091764
100	466_INTNODE4200	13	131	0.140825179057803	0.0295571471804701	0.861595884192475	0.97044285281953
100	278_INTNODE4195	11	130	0.282838763228886	0.11931936086325	0.742788960365221	0.88068063913675
100	142_INTNODE4238	3	270	0.304989098371168	0.121713479543414	0.698986789790945	0.878286520456586
100	204_INTNODE4256	11	283	0.853206032331561	0.837474232396658	0.152327221438646	0.162525767603342
100	66_INTNODE4232	9	181	0.845236902734649	0.994190123209456	0.16127416608234	0.00580987679054392
100	99_INTNODE4207	6	116	0.729968119022317	0.914877789585547	0.284059511158342	0.0851222104144527
100	78_INTNODE4232	1	135	0.994891315235901	0.999899829710508	0.00540919563257538	0.000100170289492137
100	315_INTNODE4207	2	179	0.206588735387885	0.364824654622742	0.797449521785335	0.635175345377258
100	209_INTNODE4201	12	139	0.983369330453564	0.975809935205184	0.0167386609071274	0.0241900647948164
100	137_INTNODE4148	9	121	0.432763126633405	0.534212401995723	0.581492040864814	0.465787598004277
100	294_INTNODE4196	7	141	0.679449994628854	0.291438392953056	0.34933934901708	0.708561607046944
100	557_INTNODE4258	1	302	0.974475560607626	0.996899865660845	0.0271778443732562	0.0031001343391547
100	14_INTNODE4262	8	313	0.743960674157303	0.202106741573034	0.259831460674157	0.797893258426966
100	140_INTNODE4152	11	127	0.634146341463415	0.751838946960898	0.386759581881533	0.248161053039102
100	233_INTNODE4230	6	227	0.852950391644909	0.970861618798956	0.148198433420366	0.0291383812010444
100	495_INTNODE4258	4	272	0.485687713134236	0.605662912059523	0.52805621576935	0.394337087940477
100	94_INTNODE4262	7	313	0.0498595505617977	0.0657303370786517	0.951544943820225	0.934269662921348
100	469_INTNODE4224	4	205	0.494735786623885	0.946154617467161	0.50566529630001	0.0538453825328387
100	212_INTNODE4130	3	119	0.0147167034584253	0.0426784400294334	0.986387049300957	0.957321559970567
100	294_INTNODE4236	2	140	0.612700228832952	0.606121281464531	0.38887299771167	0.393878718535469
100	110_INTNODE4209	12	189	0.841249646593158	0.934549052869664	0.15973989256432	0.0654509471303364
100	188_INTNODE4230	2	101	0.826527415143603	0.866109660574413	0.182872062663185	0.133890339425587
100	206_INTNODE4200	3	153	0.00363159487541612	0.00090789871885403	0.99657016039544	0.999092101281146
100	159_INTNODE4230	2	227	0.991331592689295	0.998433420365535	0.00898172323759791	0.00156657963446475
100	363_INTNODE4231	2	141	0.93311490227093	0.95435544006327	0.0706134900011298	0.0456445599367303
100	79_INTNODE4239	2	275	0.961656835085919	0.991023339317774	0.0453962554501154	0.00897666068222621
100	138_INTNODE4257	11	291	0.00981607770200455	0.023248605083695	0.990390576565406	0.976751394916305
100	162_INTNODE4232	2	244	0.165881999398978	0.69387959531203	0.834919362916959	0.30612040468797
100	179_INTNODE4222	2	203	0.0185905750108085	0.014483354950281	0.981409424989191	0.985516645049719
100	47_INTNODE4266	6	317	0.505123339658444	0.657685009487666	0.500948766603416	0.342314990512334
100	149_INTNODE4153	5	128	0.0228310502283105	0.170471841704718	0.979071537290715	0.829528158295282
100	171_INTNODE4213	5	130	0.79808338937458	0.283120376597176	0.209482178883658	0.716879623402825
100	229_INTNODE4224	2	205	0.994886192720345	0.999398375614158	0.0052140780106287	0.000601624385841773
100	69_INTNODE4232	34	244	0.891615746769508	0.971952318942202	0.118301111890213	0.0280476810577983
100	173_INTNODE4200	17	153	0.997881569656007	0.992736810249168	0.00211843034399274	0.00726318975083224
100	188_INTNODE4062	2	101	0.0954462659380692	0.0510018214936248	0.906375227686703	0.948998178506375
100	213_INTNODE4196	2	141	0.00225588140509185	0.00193361263293587	0.997744118594908	0.998066387367064
100	15_INTNODE4236	8	266	0.0766590389016018	0.022883295194508	0.923340961098398	0.977116704805492
100	78_INTNODE4127	6	109	0.939807734323793	0.880270919816474	0.0609569587065764	0.119729080183526
100	171_INTNODE4257	1	111	0.974994833643315	0.975718123579252	0.0265550733622649	0.0242818764207481
150	179_INTNODE4222	2	203	0.0210477081384471	0.0163704396632367	0.978952291861553	0.983629560336763
150	47_INTNODE4266	6	317	0.544287548138639	0.689773213521609	0.462130937098845	0.310226786478391
150	69_INTNODE4232	34	244	0.913226875564929	0.967259214622878	0.0949081048508587	0.0327407853771216
150	229_INTNODE4224	2	205	0.99407154340836	0.999095659163987	0.00592845659163987	0.000904340836012862
150	173_INTNODE4200	17	153	0.996955551045261	0.989141465394764	0.00304444895473919	0.0108585346052365
150	15_INTNODE4236	8	266	0.0839580209895052	0.0256371814092954	0.916041979010495	0.974362818590705
150	557_INTNODE4258	1	302	0.985182849936948	0.996216897856242	0.0161832702816309	0.00378310214375788
150	14_INTNODE4262	8	313	0.790194014137464	0.223341855918183	0.213265152654535	0.776658144081817
150	233_INTNODE4230	6	227	0.877816939015273	0.970095055003738	0.12335789810958	0.0299049449962619
150	495_INTNODE4258	4	272	0.50063051702396	0.623160992013451	0.514712063892392	0.376839007986549
150	94_INTNODE4262	7	313	0.0547450744472853	0.0764024665363213	0.946157316889758	0.923597533463679
150	469_INTNODE4224	4	205	0.493770096463023	0.937801446945338	0.507033762057878	0.0621985530546624
150	110_INTNODE4209	12	189	0.842073628850488	0.927573253193088	0.158978211870774	0.0724267468069121
150	206_INTNODE4200	3	153	0.00578445301400447	0.00142074284554496	0.994519991881469	0.998579257154455
150	159_INTNODE4230	2	227	0.993378190750828	0.99775712912528	0.00672861262415892	0.00224287087471964
150	162_INTNODE4232	2	244	0.191724414984433	0.70462990860701	0.808777744300492	0.29537009139299
150	138_INTNODE4257	11	291	0.0116535433070866	0.0303412073490814	0.988661417322835	0.969658792650919
150	79_INTNODE4239	2	275	0.969639724733504	0.989879908244501	0.0329240318445554	0.0101200917554986
150	176_INTNODE4231	2	237	0.00985106133458426	0.00809194323912279	0.990266213205113	0.991908056760877
150	70_INTNODE4232	9	244	0.00652807070402732	0.00532288842020689	0.993974088580898	0.994677111579793
150	258_INTNODE4258	6	302	0.772383354350567	0.62568306010929	0.235813366960908	0.37431693989071
150	142_INTNODE4238	3	270	0.329411764705882	0.135632183908046	0.674239350912779	0.864367816091954
150	204_INTNODE4256	11	283	0.88497258587893	0.847040393868188	0.120062660848159	0.152959606131812
150	66_INTNODE4232	9	181	0.874861906196646	0.993974088580898	0.131565732650397	0.00602591141910214
150	315_INTNODE4207	2	179	0.251310615989515	0.392857142857143	0.751310615989515	0.607142857142857
150	175_INTNODE4215	7	154	0.966423876354592	0.949902291703677	0.0362408953632972	0.0500977082963226
150	189_INTNODE4224	19	193	0.999899517684887	0.990655144694534	0.00010048231511254	0.00934485530546624
150	18_INTNODE4224	3	205	0.0750602893890675	0.507938102893891	0.93157154340836	0.492061897106109
150	276_INTNODE4232	11	244	0.0155669378326805	0.0226975996786181	0.98603997187908	0.977302400321382
150	19_INTNODE4238	23	270	0.815145368492225	0.904665314401623	0.191480730223124	0.0953346855983773
150	98_INTNODE4207	2	179	0.936216688510267	0.978811708169506	0.0643294014853648	0.0211882918304937
150	291_INTNODE4258	2	186	0.993379571248424	0.992013451029845	0.007145859604876	0.00798654897015553
150	16_INTNODE4236	17	266	0.548875562218891	0.749625187406297	0.459220389805097	0.250374812593703
50	233_INTNODE4230	6	227	0.833281685776263	0.975932238405123	0.167751265365148	0.0240677615948766
50	140_INTNODE4152	11	127	0.62874659400545	0.756471389645777	0.394754768392371	0.243528610354223
50	14_INTNODE4262	8	313	0.739004094571391	0.186897371549333	0.265486725663717	0.813102628450667
50	557_INTNODE4258	1	302	0.968458781362007	0.998361495135689	0.0328725038402458	0.00163850486431132
50	294_INTNODE4196	7	141	0.685235602094241	0.264502617801047	0.339162303664921	0.735497382198953
50	137_INTNODE4148	9	121	0.401987353206865	0.524503161698284	0.613595302619693	0.475496838301716
50	160_INTNODE4224	2	96	0.858158158158158	0.988688688688689	0.151551551551552	0.0113113113113113
50	205_INTNODE3909	4	62	0.496785714285714	0.339642857142857	0.515	0.660357142857143
50	99_INTNODE4238	1	95	0.849547787826937	0.922268394035688	0.15912979711562	0.0777316059643119
50	264_INTNODE4224	1	57	0.0379379379379379	0.0032032032032032	0.965865865865866	0.996796796796797
50	212_INTNODE4130	3	119	0.0125200642054575	0.034991974317817	0.988443017656501	0.965008025682183
50	469_INTNODE4224	4	205	0.488288288288288	0.948848848848849	0.512312312312312	0.0511511511511512
50	495_INTNODE4258	4	272	0.47741935483871	0.600307219662058	0.534971838197645	0.399692780337942
50	94_INTNODE4262	7	313	0.0463611147800819	0.0577202483159424	0.954959714700832	0.942279751684058
50	218_INTNODE3933	2	82	0.99166849375137	0.994189870642403	0.00833150624862969	0.00581012935759702
50	79_INTNODE4239	2	275	0.954945054945055	0.992796092796093	0.0505494505494506	0.0072039072039072
50	138_INTNODE4257	11	291	0.0094098394190447	0.0189219597013399	0.990897003170707	0.98107804029866
50	363_INTNODE4231	2	141	0.914479440069991	0.961504811898513	0.0891294838145232	0.0384951881014873
50	162_INTNODE4232	2	244	0.151290774464679	0.686011606964179	0.849409645787472	0.313988393035821
50	206_INTNODE4200	3	153	0.00241133326635185	0.000502361097156636	0.997789611172511	0.999497638902843
50	159_INTNODE4230	2	227	0.986365044933375	0.998967048858589	0.0138415452949076	0.00103295114141101
50	468_INTNODE3947	4	99	0.560278745644599	0.340418118466899	0.450174216027875	0.659581881533101
50	294_INTNODE4236	2	140	0.57532605802502	0.585972850678733	0.426404045781208	0.414027149321267
50	110_INTNODE4209	12	189	0.825401034071324	0.941800344690441	0.175792125149145	0.0581996553095585
50	188_INTNODE4230	2	101	0.805495300072307	0.867575663671108	0.203904555314534	0.132424336328892
50	149_INTNODE4230	4	79	0.953413903522363	0.952277657266811	0.0467926867059188	0.0477223427331887
50	47_INTNODE4266	6	317	0.481784133469527	0.67551923731699	0.524004085801839	0.32448076268301
50	179_INTNODE4222	2	203	0.0153576982892691	0.0116640746500778	0.984642301710731	0.988335925349922
50	242_INTNODE4195	19	89	0.975978738628233	0.904426045180415	0.0265767147091894	0.095573954819585
50	140_INTNODE4214	4	62	0.596730245231608	0.46866485013624	0.412125340599455	0.53133514986376
50	173_INTNODE4200	17	153	0.998794333366824	0.995579222345022	0.00120566663317593	0.0044207776549784
50	229_INTNODE4224	2	205	0.993293293293293	0.9998998998999	0.00680680680680681	0.0001001001001001
50	69_INTNODE4232	34	244	0.87652591554933	0.973884330598359	0.13338002801681	0.026115669401641
50	172_INTNODE3924	4	64	0.627272727272727	0.772727272727273	0.381818181818182	0.227272727272727
50	171_INTNODE4213	5	130	0.779180302321957	0.2625837618825	0.228143992519869	0.7374162381175
50	149_INTNODE4153	5	128	0.0190253671562083	0.145861148197597	0.982643524699599	0.854138851802403
50	147_INTNODE3927	1	76	0.372229916897507	0.25	0.639196675900277	0.75
50	213_INTNODE4196	2	141	0.000942408376963351	0.000837696335078534	0.999057591623037	0.999162303664921
50	188_INTNODE4062	2	101	0.0878355982764335	0.047066622472655	0.913821677162744	0.952933377527345
50	202_INTNODE3930	9	77	0.764025245441795	0.681977559607293	0.244039270687237	0.318022440392707
50	160_INTNODE4257	2	86	0.955916947939041	0.978009614401146	0.0458218267362177	0.0219903855988545
50	171_INTNODE4257	1	111	0.969929426204357	0.980464355119157	0.0311956632913982	0.0195356448808428
50	78_INTNODE4127	6	109	0.943796167433894	0.891553366877208	0.0571673268386682	0.108446633122792
50	66_INTNODE3936	16	74	0.256067961165049	0.536812297734628	0.763551779935275	0.463187702265372
50	15_INTNODE4236	8	266	0.0670747937183923	0.0190311418685121	0.932925206281608	0.980968858131488
50	189_INTNODE4224	19	193	0.998898898898899	0.995895895895896	0.0012012012012012	0.0041041041041041
50	161_INTNODE4195	5	87	0.97935193703363	0.976489829295717	0.0217724624348359	0.0235101707042829
50	161_INTNODE4232	10	118	0.0271162697618571	0.423554132479488	0.973183910346208	0.576445867520512
50	546_INTNODE3932	21	79	0.204859456884231	0.137367000158806	0.806098141972368	0.862632999841194
50	174_INTNODE4232	6	135	0.695217130278167	0.905643386031619	0.314788873323994	0.094356613968381
50	73_INTNODE4095	3	104	0.69068660774983	0.886811692726037	0.318830727396329	0.113188307273963
50	91_INTNODE3926	2	65	0.986347772531308	0.995586121946212	0.0142681174296859	0.00441387805378772
50	243_INTNODE3906	2	61	0.000351741118536757	0.000351741118536757	0.999648258881463	0.999648258881463
50	175_INTNODE4215	7	154	0.970757505055219	0.958469435370975	0.0311090371752994	0.0415305646290247
50	99_INTNODE3933	3	82	0.609625082218812	0.849046261784696	0.401775926331945	0.150953738215304
50	213_INTNODE4230	3	101	0.840202458423717	0.955169920462762	0.166718314223737	0.0448300795372379
50	188_INTNODE4197	1	61	0.793206793206793	0.822510822510823	0.214119214119214	0.177489177489178
50	19_INTNODE4238	23	270	0.736250305548766	0.899657785382547	0.271082864825226	0.100342214617453
50	276_INTNODE4232	11	244	0.0102061236742045	0.0127076245747448	0.990794476686012	0.987292375425255
50	18_INTNODE4224	3	205	0.0302302302302302	0.466766766766767	0.972872872872873	0.533233233233233
50	147_INTNODE4207	3	116	0.597938144329897	0.809955222326356	0.418410913256274	0.190044777673644
50	209_INTNODE4241	8	113	0.336429308565531	0.297557619539044	0.665978672170623	0.702442380460956
50	172_INTNODE4231	10	89	0.498906386701662	0.571741032370954	0.503062117235346	0.428258967629046
50	153_INTNODE4232	3	141	0.993596157694617	0.999699819891935	0.00650390234140484	0.000300180108064839
50	41_INTNODE3926	9	65	0.205194005337713	0.169061794292753	0.814103880106754	0.830938205707247
50	153_INTNODE4102	6	107	0.033545197740113	0.0158898305084746	0.967161016949153	0.984110169491525
50	160_INTNODE3941	13	97	0.144705481784133	0.178413346952673	0.862444671433436	0.821586653047327
50	158_INTNODE4148	15	121	0.448057813911472	0.352755194218609	0.566056910569106	0.647244805781391
50	208_INTNODE4061	7	100	0.864158829676071	0.797283176593521	0.14176245210728	0.202716823406479
50	391_INTNODE4195	2	108	0.994582438924665	0.995911274660125	0.00613308800981294	0.00408872533987529
50	98_INTNODE4207	2	179	0.912735603457253	0.989690721649485	0.0875767989170051	0.0103092783505155
50	16_INTNODE4236	17	266	0.493478839499601	0.713601277615118	0.513574660633484	0.286398722384882
50	291_INTNODE4258	2	186	0.981771633384537	0.996927803379416	0.0186379928315412	0.00307219662058372
50	175_INTNODE3889	2	59	0.313443830570902	0.234622467771639	0.688766114180479	0.765377532228361
50	174_INTNODE4127	10	109	0.986939299860829	0.973450380044963	0.0135959747350391	0.0265496199550369
50	241_INTNODE3936	2	61	0.723300970873786	0.903114886731392	0.278923948220065	0.0968851132686084
50	11_INTNODE4201	5	106	0.0722853200297208	0.0223967731663305	0.932172805434667	0.97760322683367
50	258_INTNODE4258	6	302	0.721658986175115	0.602457757296467	0.285202252944188	0.397542242703533
50	466_INTNODE4200	13	131	0.109615191399578	0.0185873605947955	0.894303225158244	0.981412639405205
50	205_INTNODE4233	1	85	0.847463516330785	0.78769979152189	0.161917998610146	0.214037526059764
50	292_INTNODE4129	6	117	0.570368924458325	0.601600624634004	0.450126878781964	0.398399375365997
50	176_INTNODE4231	2	237	0.00699912510936133	0.00546806649168854	0.993110236220472	0.994531933508311
50	70_INTNODE4232	9	244	0.00530318190914549	0.00240144086451871	0.995097058234941	0.997598559135481
50	151_INTNODE4195	2	130	0.998262291730553	0.999182254932025	0.00204436266993765	0.000817745067975059
50	205_INTNODE4200	9	110	0.993569777956395	0.982718778257812	0.00753541645734954	0.0172812217421883
50	291_INTNODE4138	14	120	0.715374420145792	0.570245195493704	0.285619615639496	0.429754804506296
50	204_INTNODE4256	11	283	0.832978496912923	0.836810730253353	0.173089205876091	0.163189269746647
50	142_INTNODE4238	3	270	0.284649230017111	0.108408702028844	0.720117330725984	0.891591297971156
50	278_INTNODE4195	11	130	0.257794132679137	0.0907697025452315	0.763671675355208	0.909230297454768
50	99_INTNODE4207	6	116	0.714776632302406	0.923149015932521	0.298864938040196	0.0768509840674789
50	402_INTNODE3937	2	93	0.708954053630234	0.811510114473891	0.292300454759291	0.188489885526109
50	66_INTNODE4232	9	181	0.829797878727236	0.995997598559135	0.177006203722233	0.00400240144086452
50	315_INTNODE4207	2	179	0.188899302301364	0.345933562428408	0.815786733312507	0.654066437571592
50	78_INTNODE4232	1	135	0.992295377226336	0.999899939963978	0.00780468280968581	0.000100060036021613
50	209_INTNODE4201	12	139	0.981424477231716	0.980575310476595	0.0186816686126738	0.0194246895234052
