100	52_INTNODE2390	8	163	0.0139139139139139	0.629229229229229	0.986186186186186	0.370770770770771
100	57_INTNODE2390	4	163	0.648548548548549	0.995995995995996	0.446246246246246	0.004004004004004
100	250_INTNODE2456	13	117	0.78229143977347	0.91374428229144	0.256262252232629	0.0862557177085602
100	80_INTNODE2455	3	126	0.995164702326987	0.989322050972096	0.00594338672307847	0.0106779490279037
100	86_INTNODE2384	7	218	0.954490777866881	0.998997594226143	0.0478147554129912	0.00100240577385726
100	232_INTNODE2384	3	218	0.0687650360866079	0.655272654370489	0.933440256615878	0.344727345629511
100	270_INTNODE2384	4	159	0.98406174819567	0.993985565356856	0.0159382518043304	0.00601443464314354
100	432_INTNODE2390	10	163	0.951751751751752	0.905705705705706	0.0488488488488488	0.0942942942942943
100	390_INTNODE2384	2	218	0.100641539695269	0.778167602245389	0.905372894947875	0.221832397754611
100	435_INTNODE2390	8	159	0.988988988988989	0.998298298298298	0.0145145145145145	0.0017017017017017
100	427_INTNODE2455	3	126	0.238541351868641	0.00735368187770726	0.798629998992646	0.992646318122293
100	105_INTNODE2390	1	163	0.00490490490490491	0.564164164164164	0.995995995995996	0.435835835835836
100	101_INTNODE2455	2	126	0.567341593633525	0.920620529868037	0.45008562506296	0.0793794701319633
100	263_INTNODE2455	8	126	0.197642792384406	0.268258285484033	0.83146972902186	0.731741714515967
100	332_INTNODE2459	4	105	0.0198860332596814	0.0803581811838586	0.981858355622747	0.919641818816141
100	339_INTNODE2391	3	150	0.990918472652219	0.975025799793602	0.00990712074303406	0.0249742002063983
100	367_INTNODE2459	4	101	0.899406907779974	0.94371438539365	0.110826840330271	0.0562856146063496
100	70_INTNODE2391	1	150	0.0166150670794634	0.0608875128998968	0.984313725490196	0.939112487100103
100	454_INTNODE2453	3	147	0.578903996703749	0.751957148743304	0.436753193242686	0.248042851256696
100	307_INTNODE2390	5	163	1	1	0.0001001001001001	0
100	369_INTNODE2390	2	163	0	0	1	1
100	388_INTNODE2456	4	117	0.100522761925506	0.198867349161403	0.906011762143324	0.801132650838597
100	344_INTNODE2390	6	144	1	0.9998998998999	0	0.0001001001001001
100	222_INTNODE2391	10	130	0.781940144478844	0.884210526315789	0.220330237358101	0.115789473684211
100	200_INTNODE2384	3	118	0.987770649558941	0.989975942261427	0.0131315156375301	0.0100240577385726
100	382_INTNODE2390	6	137	0.951151151151151	1	0.0562562562562563	0
100	386_INTNODE2455	5	126	0.0503676840938854	0.182834693260804	0.958698499043014	0.817165306739196
100	287_INTNODE2390	3	163	0.995595595595596	1	0.00650650650650651	0
100	84_INTNODE2390	13	163	0.0011011011011011	0	0.999199199199199	1
100	336_INTNODE2457	3	113	0.328761126513936	0.504450605574201	0.688749452794397	0.495549394425799
100	366_INTNODE2455	8	126	0.62405560592324	0.929082300795809	0.37775763070414	0.0709176992041906
100	434_INTNODE2454	2	144	0.0358705161854768	0.0523184601924759	0.965529308836395	0.947681539807524
100	14_INTNODE2455	2	126	0.0110808905006548	0.0512743024075753	0.989019844867533	0.948725697592425
100	34_INTNODE2459	2	105	0.436097220607047	0.624026049540644	0.569717409001047	0.375973950459356
100	332_INTNODE2384	2	118	0.988773055332799	0.998997594226143	0.0112269446672013	0.00100240577385726
100	16_INTNODE2390	11	163	0.193793793793794	0.00980980980980981	0.855055055055055	0.99019019019019
100	455_INTNODE2390	7	163	0.0004004004004004	0.261861861861862	0.9995995995996	0.738138138138138
150	84_INTNODE2390	13	163	0.0004004004004004	0.0003003003003003	0.9995995995996	0.9996996996997
150	287_INTNODE2390	3	163	0.994994994994995	1	0.00920920920920921	0
150	455_INTNODE2390	7	163	0.0001001001001001	0.305005005005005	0.9998998998999	0.694994994994995
150	16_INTNODE2390	11	163	0.226326326326326	0.0172172172172172	0.831931931931932	0.982782782782783
150	369_INTNODE2390	2	163	0	0	1	1
150	307_INTNODE2390	5	163	0.9998998998999	1	0.0001001001001001	0
150	270_INTNODE2384	4	159	0.995764421137555	0.985175473981444	0.00423557886244453	0.0148245260185559
150	390_INTNODE2384	2	218	0.0790641387656313	0.717426381605486	0.925877369907221	0.282573618394514
150	435_INTNODE2390	8	159	0.981981981981982	0.998498498498498	0.0277277277277277	0.0015015015015015
150	432_INTNODE2390	10	163	0.9005005005005	0.91051051051051	0.101001001001001	0.0894894894894895
150	105_INTNODE2390	1	163	0.0031031031031031	0.590990990990991	0.997597597597598	0.409009009009009
150	86_INTNODE2384	7	218	0.981444130697862	0.997781363453005	0.0206736587333602	0.00221863654699476
150	57_INTNODE2390	4	163	0.592692692692693	0.995995995995996	0.481481481481481	0.004004004004004
150	52_INTNODE2390	8	163	0.00680680680680681	0.656556556556557	0.993293293293293	0.343443443443443
150	232_INTNODE2384	3	218	0.0492133924969746	0.599737797498991	0.952803549818475	0.400262202501008
50	396_INTNODE2472	5	70	0.266687925170068	0.0917304421768707	0.751062925170068	0.908269557823129
50	435_INTNODE2390	8	159	0.991491491491492	0.999399399399399	0.0112112112112112	0.000600600600600601
50	432_INTNODE2390	10	163	0.959359359359359	0.912412412412412	0.0415415415415415	0.0875875875875876
50	390_INTNODE2384	2	218	0.10501002004008	0.787174348697395	0.900801603206413	0.212825651302605
50	173_INTNODE2471	2	79	0.0247371056584877	0.0118177265898848	0.981672508763145	0.988182273410115
50	105_INTNODE2383	2	78	0.539806996381182	0.500482509047045	0.478407720144753	0.499517490952955
50	270_INTNODE2384	4	159	0.978657314629259	0.995390781563126	0.0213426853707415	0.00460921843687375
50	34_INTNODE2390	3	63	1	0.9998998998999	0	0.0001001001001001
50	254_INTNODE2391	3	91	0.554887371317908	0.193456324533687	0.483436958515951	0.806543675466313
50	388_INTNODE2390	2	52	0.997597597597598	0.997697697697698	0.0027027027027027	0.0023023023023023
50	263_INTNODE2455	8	126	0.162070003008725	0.268679169591816	0.859693110019055	0.731320830408184
50	101_INTNODE2455	2	126	0.606057566944138	0.939324039715174	0.423127068498646	0.060675960284826
50	254_INTNODE2471	2	79	0	0	1	1
50	220_INTNODE2455	1	67	0.600140407180824	0.897402467154749	0.429846555009528	0.102597532845251
50	105_INTNODE2390	1	163	0.00830830830830831	0.565065065065065	0.993993993993994	0.434934934934935
50	427_INTNODE2455	3	126	0.205295356533948	0.00521512385919166	0.834018654096881	0.994784876140808
50	332_INTNODE2459	4	105	0.01824569356301	0.0775158658204896	0.983794197642792	0.92248413417951
50	95_INTNODE2471	6	79	0.99849774661993	0.999098647971958	0.00160240360540811	0.000901352028042063
50	352_INTNODE2472	2	70	0.664540816326531	0.912627551020408	0.340454931972789	0.0873724489795918
50	52_INTNODE2390	8	163	0.0174174174174174	0.632632632632633	0.982782782782783	0.367367367367367
50	57_INTNODE2390	4	163	0.641941941941942	0.997397397397397	0.456256256256256	0.0026026026026026
50	86_INTNODE2384	7	218	0.945090180360721	0.99939879759519	0.0574148296593186	0.000601202404809619
50	80_INTNODE2455	3	126	0.992077023367766	0.9949854578277	0.00962792097081536	0.00501454217229967
50	250_INTNODE2456	13	117	0.79071233452406	0.931077957554108	0.237760033620509	0.068922042445892
50	64_INTNODE2471	1	79	0.00160240360540811	0.000600901352028042	0.998698047070606	0.999399098647972
50	248_INTNODE2384	3	96	0.740981963927856	0.73186372745491	0.27625250501002	0.26813627254509
50	232_INTNODE2384	3	218	0.0732464929859719	0.663226452905812	0.929759519038076	0.336773547094188
50	200_INTNODE2384	3	118	0.983667334669339	0.992384769539078	0.0171342685370741	0.00761523046092184
50	382_INTNODE2390	6	137	0.958658658658659	1	0.0468468468468468	0
50	222_INTNODE2391	10	130	0.788400774640709	0.890531036591581	0.213739679951075	0.109468963408419
50	344_INTNODE2390	6	144	0.999199199199199	0.9998998998999	0.000800800800800801	0.0001001001001001
50	250_INTNODE2390	3	52	0.997297297297297	0.996596596596597	0.0043043043043043	0.0034034034034034
50	287_INTNODE2390	3	163	0.995695695695696	1	0.00530530530530531	0
50	84_INTNODE2390	13	163	0.0024024024024024	0	0.998398398398398	1
50	386_INTNODE2455	5	126	0.0516497843746866	0.177113629525624	0.955270283823087	0.822886370474376
50	434_INTNODE2454	2	144	0.0438667749796913	0.0537774167343623	0.957920389926889	0.946222583265638
50	14_INTNODE2455	2	126	0.0134389730217631	0.045532042924481	0.986661317821683	0.954467957075519
50	34_INTNODE2459	2	105	0.43982320942883	0.628286491387126	0.565616500453309	0.371713508612874
50	336_INTNODE2457	3	113	0.329355608591885	0.522805621850968	0.687748607796341	0.477194378149032
50	366_INTNODE2455	8	126	0.672149232775048	0.947848761408083	0.329555711563534	0.0521512385919166
50	163_INTNODE2390	2	51	0.921321321321321	0.471771771771772	0.106206206206206	0.528228228228228
50	430_INTNODE2475	3	66	0.00270495214315439	0.0139409071993342	0.997503121098627	0.986059092800666
50	332_INTNODE2384	2	118	0.984869739478958	0.99939879759519	0.0151302605210421	0.000601202404809619
50	455_INTNODE2390	7	163	0.000800800800800801	0.255155155155155	0.999299299299299	0.744844844844845
50	16_INTNODE2390	11	163	0.18978978978979	0.00810810810810811	0.855655655655656	0.991891891891892
50	274_INTNODE2539	2	59	0.903455157789697	0.964325807658725	0.0990395409754272	0.0356741923412748
50	369_INTNODE2384	2	59	0.42685370741483	0.434669338677355	0.604909819639279	0.565531062124249
50	70_INTNODE2391	1	150	0.0231372948731016	0.0523901742941596	0.977881969218224	0.94760982570584
50	367_INTNODE2459	4	101	0.899478694469628	0.951382592928377	0.110720761559383	0.0486174070716228
50	388_INTNODE2384	2	59	0.42685370741483	0.434669338677355	0.604909819639279	0.565531062124249
50	339_INTNODE2391	3	150	0.981653246356131	0.976964631536031	0.0203852818265213	0.023035368463969
50	454_INTNODE2453	3	147	0.596060943887031	0.752136752136752	0.41917502787068	0.247863247863248
50	248_INTNODE2479	10	64	0.476756756756757	0.586306306306306	0.535855855855856	0.413693693693694
50	93_INTNODE2471	5	79	0.00150225338007011	0	0.998898347521282	1
50	15_INTNODE2471	9	79	0.00420630946419629	0.00260390585878818	0.996895343014522	0.997396094141212
50	307_INTNODE2390	5	163	0.999299299299299	1	0.000700700700700701	0
50	248_INTNODE2391	6	91	0.894608092956885	0.966160432167975	0.120477015594741	0.0338395678320253
50	388_INTNODE2456	4	117	0.106640050430763	0.202248371506619	0.899663794914898	0.797751628493381
50	23_INTNODE2471	8	79	0.43415122684026	0.726790185277917	0.5678517776665	0.273209814722083
50	369_INTNODE2390	2	163	0	0	1	1
50	263_INTNODE2390	2	51	0.921321321321321	0.471771771771772	0.106206206206206	0.528228228228228
50	270_INTNODE2471	5	79	0.894441662493741	0.338507761642464	0.14772158237356	0.661492238357536
