100	401_INTNODE4593	14	138	0.325322599739553	0.499112110808571	0.690659405706168	0.500887889191429
100	155_INTNODE4599	3	161	0.924493973163521	0.943143052080964	0.0825562883784398	0.0568569479190357
100	253_INTNODE4613	3	187	0.310916933967481	0.636102201083951	0.712753014047119	0.363897798916049
100	358_INTNODE4637	8	220	0.0202041684389621	0.165567843470863	0.980327520204168	0.834432156529136
100	334_INTNODE4609	7	182	0.707436823104693	0.632635379061372	0.308158844765343	0.367364620938628
100	220_INTNODE4610	6	186	0.57848952155002	0.403321470937129	0.426255436931594	0.596678529062871
100	356_INTNODE4636	2	209	0.724916736053289	0.949937552039967	0.275603663613655	0.0500624479600333
100	313_INTNODE4608	14	176	0.170883799016669	0.0669144981412639	0.838589758963905	0.933085501858736
100	197_INTNODE4596	6	110	0.892596854622171	0.94783275795934	0.108937476026084	0.0521672420406598
100	199_INTNODE4587	14	102	0.939238653001464	0.946193265007321	0.0629575402635432	0.0538067349926794
100	390_INTNODE4613	3	187	0.817055635438558	0.0605021568410574	0.201636987058954	0.939497843158943
100	370_INTNODE4595	12	127	0.0346157750482185	0.130240584712212	0.967719013298142	0.869759415287788
100	434_INTNODE4675	18	238	0.273132372214941	0.639580602883355	0.735779816513761	0.360419397116645
100	328_INTNODE4608	6	176	0.688451852740137	0.196546348483032	0.314066434824319	0.803453651516968
100	431_INTNODE4588	9	127	0.392120765832106	0.205817378497791	0.62039764359352	0.794182621502209
100	466_INTNODE4636	10	209	0.913509575353872	0.976165695253955	0.0878434637801832	0.023834304746045
100	302_INTNODE4595	1	145	0.648969647751497	0.936250126890671	0.363617906811491	0.063749873109329
100	331_INTNODE4582	12	120	0.360247721430241	0.477448001869596	0.64185557373218	0.522551998130404
100	52_INTNODE4571	4	106	0.0782672386732238	0.0992989431830072	0.929894318300722	0.900701056816993
100	82_INTNODE4571	12	106	0.106832688082034	0.658470231244114	0.893690488647065	0.341529768755886
100	46_INTNODE4605	3	163	0.0553723706651507	0.366685616827743	0.94712905059693	0.633314383172257
100	20_INTNODE4618	5	195	0.176953305594082	0.0963938973647712	0.836107258437356	0.903606102635229
100	93_INTNODE4638	4	181	0.365638233514822	0.789715668481549	0.636176648517846	0.210284331518451
100	367_INTNODE4582	11	120	0.224818882916569	0.073732180415985	0.795980369245151	0.926267819584015
100	69_INTNODE4630	3	202	0.539547335118034	0.544293015332198	0.474689705524458	0.455706984667802
100	153_INTNODE4613	1	187	0.0822917818825351	0.210927994690853	0.92146886406371	0.789072005309147
100	26_INTNODE4675	15	235	0.911795543905636	0.921494102228047	0.090956749672346	0.0785058977719528
100	308_INTNODE4630	1	128	0.00474568021416403	0.0070576782672183	0.995619372110002	0.992942321732782
100	336_INTNODE4618	1	114	0.990522422561258	0.993527508090615	0.010748959778086	0.00647249190938511
100	463_INTNODE4638	21	230	0.325105868118572	0.195281306715064	0.69340592861464	0.804718693284937
100	56_INTNODE4591	6	128	0.475947754061803	0.33492619730275	0.559732398853138	0.66507380269725
100	435_INTNODE4571	8	106	0.962540546196505	0.988071570576541	0.0443653866276028	0.0119284294234592
100	400_INTNODE4572	11	116	0.428989751098097	0.349780380673499	0.59502196193265	0.650219619326501
100	149_INTNODE4592	6	137	0.649242424242424	0.733712121212121	0.364772727272727	0.266287878787879
100	47_INTNODE4638	6	230	0.0133091349062311	0.0136721113127647	0.986690865093769	0.986327888687235
100	329_INTNODE4636	10	209	0.906952539550375	0.960970024979184	0.0942964196502914	0.039029975020816
100	126_INTNODE4646	9	236	0.289704708699122	0.619313647246608	0.718675179569034	0.380686352753392
100	172_INTNODE4595	2	145	0.000609075220789767	0.000507562683991473	0.99939092477921	0.999492437316009
100	307_INTNODE4636	4	135	0.514050791007494	0.781328059950042	0.488447127393838	0.218671940049958
100	141_INTNODE4595	2	145	0.00111663790478124	0.000710587757588062	0.998883362095219	0.999289412242412
100	347_INTNODE4637	10	220	0.887494683113569	0.92854104636325	0.122926414291791	0.0714589536367503
100	43_INTNODE4572	14	116	0.146559297218155	0.438360175695461	0.861200585651537	0.561639824304539
100	290_INTNODE4607	2	172	0.05565397106584	0.0727782698553292	0.94523176852672	0.927221730144671
100	194_INTNODE4638	2	127	0.845251058681186	0.635087719298246	0.160677555958863	0.364912280701754
100	368_INTNODE4613	5	187	0.00387125317995797	0.00232275190797478	0.996239354053755	0.997677248092025
150	390_INTNODE4613	3	187	0.82318448353631	0.065403698691926	0.196662156066757	0.934596301308074
150	434_INTNODE4675	18	238	0.287302028341206	0.667546540705752	0.721867185329258	0.332453459294248
150	334_INTNODE4609	7	182	0.712233479510056	0.648419779222743	0.302737033116589	0.351580220777257
150	358_INTNODE4637	8	220	0.0220676160452223	0.187846505054897	0.978258506359387	0.812153494945103
150	253_INTNODE4613	3	187	0.317207938655841	0.648737032025259	0.706923770861525	0.351262967974741
150	155_INTNODE4599	3	161	0.926644819763045	0.944290395765062	0.0796571716662465	0.0557096042349382
150	313_INTNODE4608	14	176	0.17467572575664	0.072390364422483	0.835206917850525	0.927609635577517
150	356_INTNODE4636	2	209	0.735237892948173	0.958899745114698	0.265293118096856	0.0411002548853016
150	220_INTNODE4610	6	186	0.587935429056924	0.415038232795242	0.416312659303314	0.584961767204758
150	69_INTNODE4630	3	202	0.550068930943727	0.55508209048753	0.46371725780173	0.44491790951247
150	20_INTNODE4618	5	195	0.180863755666905	0.104151753758053	0.83428775948461	0.895848246241947
150	93_INTNODE4638	4	181	0.383966244725738	0.816903209308273	0.618079529471935	0.183096790691727
150	153_INTNODE4613	1	187	0.0869418132611637	0.220568335588633	0.916779431664411	0.779431664411367
150	466_INTNODE4636	10	209	0.935110450297366	0.983007646559048	0.0662701784197111	0.0169923534409516
150	328_INTNODE4608	6	176	0.688820259419395	0.204200123533045	0.313773934527486	0.795799876466955
150	46_INTNODE4605	3	163	0.0653850717930462	0.383885131126142	0.936988252046992	0.616114868873858
150	329_INTNODE4636	10	209	0.92820730671198	0.968670348343246	0.0727485131690739	0.0313296516567545
150	126_INTNODE4646	9	236	0.311996418979409	0.661145926589078	0.696508504923903	0.338854073410922
150	463_INTNODE4638	21	230	0.340109960363125	0.214422708093594	0.680092059838895	0.785577291906406
150	26_INTNODE4675	15	235	0.95540427896638	0.939149763823284	0.0470964156710197	0.0608502361767158
150	47_INTNODE4638	6	230	0.0155990282572561	0.0172612197928654	0.984400971742744	0.982738780207135
150	290_INTNODE4607	2	172	0.0579797674769742	0.0757964668579194	0.942926166389853	0.924203533142081
150	347_INTNODE4637	10	220	0.910207631264268	0.938145450592456	0.0997934558104142	0.0618545494075443
150	368_INTNODE4613	5	187	0.0046233649075327	0.0029318899413622	0.995489400090212	0.997068110058638
50	248_INTNODE4522	10	92	0.142461964038728	0.146018573404466	0.858723572416518	0.853981426595534
50	26_INTNODE4675	15	235	0.889011392870268	0.920494916084773	0.115888766384908	0.0795050839152272
50	336_INTNODE4618	1	114	0.966251821953134	0.991815225922189	0.0357663415181074	0.00818477407781141
50	308_INTNODE4630	1	128	0.0041729454039643	0.00567984235539585	0.996058884896256	0.994320157644604
50	56_INTNODE4591	6	128	0.468529998949249	0.324471997478197	0.567510770200694	0.675528002521803
50	463_INTNODE4638	21	230	0.312828908899544	0.181265349081979	0.704128172143609	0.818734650918021
50	435_INTNODE4571	8	106	0.961131105398458	0.992082262210797	0.0461696658097686	0.00791773778920308
50	344_INTNODE4613	2	99	0.951154052603328	0.99044551798175	0.0491680085882984	0.00955448201825013
50	400_INTNODE4572	11	116	0.40495867768595	0.331662376371765	0.619292778756266	0.668337623628235
50	149_INTNODE4592	6	137	0.638830162085976	0.720577871740662	0.375616631430585	0.279422128259338
50	248_INTNODE4608	6	90	0.919692737430168	0.965898510242086	0.0874068901303538	0.0341014897579143
50	143_INTNODE4366	3	51	0.261314443132625	0.229961957234685	0.761904761904762	0.770038042765316
50	47_INTNODE4638	6	230	0.0132148286750088	0.0108759209449187	0.986785171324991	0.989124079055081
50	329_INTNODE4636	10	209	0.885661500564508	0.959047521297342	0.115467515139074	0.0409524787026583
50	43_INTNODE4605	1	59	0.85819663106903	0.896069580535065	0.153253330397446	0.103930419464934
50	370_INTNODE4630	1	57	0.957575055059696	0.939840037092848	0.0482207024458097	0.060159962907152
50	143_INTNODE4591	2	79	0.820636755280025	0.953031417463486	0.181359672165598	0.0469685825365136
50	126_INTNODE4646	9	236	0.267585206671501	0.599709934735315	0.74075416968818	0.400290065264685
50	172_INTNODE4595	2	145	0.000504744599232788	0.000403795679386231	0.999495255400767	0.999596204320614
50	307_INTNODE4636	4	135	0.500256594478087	0.771323001129016	0.501796161346608	0.228676998870984
50	141_INTNODE4595	2	145	0.00111043811831213	0.000605693519079346	0.998889561881688	0.999394306480921
50	267_INTNODE3836	6	57	0.665921560658403	0.783783783783784	0.366388945336314	0.216216216216216
50	221_INTNODE4476	14	69	0.821476184704884	0.935886559204945	0.205308447460914	0.0641134407950551
50	347_INTNODE4637	10	220	0.860563964337549	0.931266846361186	0.149906697076508	0.068733153638814
50	431_INTNODE4637	2	98	0.976570599212109	0.979680696661829	0.023844080447854	0.0203193033381713
50	43_INTNODE4572	14	116	0.130876574989839	0.423926297249695	0.875626608860588	0.576073702750305
50	290_INTNODE4607	2	172	0.0504688361831219	0.0616381687810259	0.950358521787093	0.938361831218974
50	194_INTNODE4638	2	127	0.827622500292364	0.626827271664133	0.178458659805871	0.373172728335867
50	381_INTNODE4474	3	80	0.0838980316231042	0.421103581800581	0.920942239432075	0.578896418199419
50	368_INTNODE4613	5	187	0.00322061191626409	0.00139559849704777	0.99699409554482	0.998604401502952
50	401_INTNODE4593	14	138	0.316388729154687	0.490626797009776	0.699252443933295	0.509373202990224
50	265_INTNODE3988	4	64	0.156810766721044	0.0960440456769984	0.846451876019576	0.903955954323002
50	155_INTNODE4599	3	161	0.922630159717901	0.945654428541796	0.0842148931756897	0.0543455714582037
50	208_INTNODE4367	2	73	0.530451424068445	0.836203985140155	0.502870651806822	0.163796014859845
50	93_INTNODE4367	2	55	0.912529550827423	0.943937858831476	0.0934369019475402	0.0560621411685241
50	253_INTNODE4613	3	187	0.304669887278583	0.612882447665056	0.718947933440687	0.387117552334944
50	334_INTNODE4609	7	182	0.675435046539862	0.603804127883448	0.339538648320518	0.396195872116552
50	358_INTNODE4637	8	220	0.0217706821480406	0.146485589881816	0.979058677171885	0.853514410118184
50	220_INTNODE4610	6	186	0.535853055457436	0.371600141292829	0.468738961497704	0.628399858707171
50	356_INTNODE4636	2	209	0.710356153135585	0.947860002052756	0.290670224776763	0.0521399979472442
50	313_INTNODE4608	14	176	0.166201117318436	0.05993947858473	0.842295158286778	0.94006052141527
50	344_INTNODE4523	4	94	0.229739507959479	0.0812831644958997	0.772310660877955	0.9187168355041
50	197_INTNODE4596	6	110	0.89279558772837	0.952774905205102	0.108583247156153	0.0472250947948983
50	18_INTNODE3836	2	57	0.00955090428774639	0.00772200772200772	0.990449095712254	0.992277992277992
50	199_INTNODE4587	14	102	0.941036128152693	0.950920245398773	0.0610088616223586	0.049079754601227
50	390_INTNODE4613	3	187	0.790982286634461	0.0491680085882984	0.224906065485776	0.950831991411702
50	307_INTNODE3835	6	54	0.814796982827797	0.921681913015567	0.222115230300112	0.0783180869844327
50	346_INTNODE4524	7	99	0.85331501202336	0.454826520096187	0.165922363448987	0.545173479903813
50	370_INTNODE4595	12	127	0.0327074500302847	0.114274177266303	0.970220068645265	0.885725822733697
50	127_INTNODE4476	12	87	0.145315719306751	0.0756271967034299	0.856623439583081	0.92437280329657
50	434_INTNODE4675	18	238	0.258238392747764	0.614479970599044	0.751194413818449	0.385520029400956
50	328_INTNODE4608	6	176	0.671438547486033	0.182495344506518	0.33147113594041	0.817504655493482
50	336_INTNODE4522	11	92	0.752025291444379	0.233550681683462	0.273266152934203	0.766449318316538
50	431_INTNODE4588	9	127	0.376024590163934	0.192281420765027	0.637636612021858	0.807718579234973
50	466_INTNODE4636	10	209	0.892948783742174	0.974648465565021	0.108282869752643	0.025351534434979
50	302_INTNODE4595	1	145	0.654451847365233	0.939531597011912	0.36069049061175	0.060468402988088
50	369_INTNODE4523	5	91	0.0183309213699952	0.022913651712494	0.982392667631452	0.977086348287506
50	249_INTNODE4367	10	73	0.883935607339863	0.916694810311832	0.119891928402567	0.0833051896881684
50	331_INTNODE4582	12	120	0.350711988975655	0.472094625631603	0.651469912723932	0.527905374368397
50	385_INTNODE4571	4	88	0.988071979434447	0.988997429305913	0.0138817480719794	0.0110025706940874
50	52_INTNODE4571	4	106	0.0630334190231363	0.0786632390745501	0.943958868894602	0.92133676092545
50	82_INTNODE4571	12	106	0.0883290488431877	0.658200514138818	0.912390745501285	0.341799485861183
50	46_INTNODE4605	3	163	0.0525156886491247	0.34757238797754	0.949355939667511	0.65242761202246
50	20_INTNODE4618	5	195	0.174907500840901	0.0835295436708151	0.837537840565086	0.916470456329185
50	93_INTNODE4638	4	181	0.351654777219039	0.786574669629283	0.64986551280552	0.213425330370717
50	369_INTNODE4608	1	88	0.826699255121043	0.968459031657356	0.19262104283054	0.0315409683426443
50	367_INTNODE4582	11	120	0.218994028479559	0.0685576481396417	0.800987597611392	0.931442351860358
50	69_INTNODE4630	3	202	0.508751593833314	0.517677060391793	0.505621884780341	0.482322939608207
50	437_INTNODE3988	4	64	0.0638254486133768	0.116639477977161	0.937194127243067	0.883360522022839
50	197_INTNODE4366	4	69	0.817525908434999	0.825659189295553	0.184704184704185	0.174340810704447
50	339_INTNODE3984	7	60	0.702730729346699	0.829243000345662	0.330798479087452	0.170756999654338
50	153_INTNODE4613	1	187	0.0827697262479871	0.192163177670424	0.921524422973698	0.807836822329576
