       1   2   3   4   5   6   7   8   9  10  11  12  13  14  15  16  17  18  19  20  21  22  23  24  25  26  27  28  29  30  31  32  33  34  35  36  37  38  39  40  41  42  43  44  45  46  47
1      0   7   4   7   6  10   7  15  16  15  15   6   6   9  66  68  67  69  75  74  74  76  76  73  74  74  87  85  89  88  89  91  89  93 101 106 105 104 105 122 123 128 127 130 128 128 126
2      7   0   5   8   7  11   8  16  17  16  16   7   7  10  67  69  68  70  76  75  75  77  77  74  75  75  88  86  90  89  90  92  90  94 102 107 106 105 106 123 124 129 128 131 129 129 127
      48  49  50  51  52  53  54  55  56  57  58  59  60  61  62  63  64  65  66  67  68  69  70  71  72  73  74  75  76  77  78  79  80  81  82  83  84  85  86  87  88  89  90  91  92  93  94
1    121 129 130 130 133 138 139 140 138 142 141 147 144 162 156 156 158 174 170 169 168 168 180 177 181 179 177 176 179 181 177 178 178 178 176 176 173 174 174 174 174 174 175 174 175 175 176
2    122 130 131 131 134 139 140 141 139 143 142 148 145 163 157 157 159 175 171 170 169 169 181 178 182 180 178 177 180 182 178 179 179 179 177 177 174 175 175 175 175 175 176 175 176 176 177
      95  96  97  98  99 100 101 102 103 104 105 106 107 108 109 110 111 112 113 114 115 116 117 118 119 120 121 122 123 124 125 126 127 128 129 130 131 132 133 134 135 136 137 138 139 140 141
1    175 177 174 174 173 172 173 173 173 173 175 172 173 173 179 179 179 179 181 178 178 178 178 177 179 180 181 180 180 188 181 183 177 177 177 176 178 177 176 176 175 176 176 180 181 183 181
2    176 178 175 175 174 173 174 174 174 174 176 173 174 174 180 180 180 180 182 179 179 179 179 178 180 181 182 181 181 189 182 184 178 178 178 177 179 178 177 177 176 177 177 181 182 184 182
     142 143 144 145 146 147 148 149 150 151 152 153 154 155 156 157 158 159 160 161 162 163 164 165 166 167 168 169 170 171 172 173 174 175 176 177 178 179 180 181 182 183 184 185 186 187 188
1    177 178 179 178 178 179 179 181 183 196 190 191 191 191 191 191 190 192 190 193 191 193 192 190 190 190 189 190 191 191 191 191 190 180 180 174 175 190 193 190 189 188 188 189 191 187 188
2    178 179 180 179 179 180 180 182 184 197 191 192 192 192 192 192 191 193 191 194 192 194 193 191 191 191 190 191 192 192 192 192 191 181 181 175 176 191 194 191 190 189 189 190 192 188 189
     189 190 191 192 193 194 195 196 197 198 199 200 201 202 203 204 205 206 207 208 209 210 211 212 213 214 215 216 217 218 219 220 221 222 223 224 225 226 227 228 229 230 231 232 233 234 235
1    188 188 189 189 192 193 191 192 194 190 191 193 194 196 191 192 193 192 193 192 191 189 195 197 194 206 207 206 207 211 216 216 218 217 219 216 215 219 215 217 216 216 216 216 216 217 218
2    189 189 190 190 193 194 192 193 195 191 192 194 195 197 192 193 194 193 194 193 192 190 196 198 195 207 208 207 208 212 217 217 219 218 220 217 216 220 216 218 217 217 217 217 217 218 219
     236 237 238 239 240 241 242 243 244 245 246 247 248 249 250 251 252 253 254 255 256 257 258 259 260 261 262 263 264 265 266 267 268 269 270 271 272 273 274 275 276 277 278 279 280 281 282
1    218 219 218 217 217 216 216 216 216 216 215 217 218 217 215 220 220 224 216 222 219 215 215 220 221 221 223 220 220 221 221 219 221 222 223 224 223 224 225 223 226 223 225 220 219 223 225
2    219 220 219 218 218 217 217 217 217 217 216 218 219 218 216 221 221 225 217 223 220 216 216 221 222 222 224 221 221 222 222 220 222 223 224 225 224 225 226 224 227 224 226 221 220 224 226
     283 284 285 286 287 288 289 290 291 292 293 294 295 296 297 298 299 300 301 302 303 304 305 306 307 308 309 310 311 312 313 314 315 316 317 318 319 320 321 322 323 324 325 326 327 328 329
1    218 221 218 219 220 218 220 227 228 227 227 226 227 227 228 230 228 226 226 227 228 227 227 226 227 226 226 226 226 226 226 227 227 225 227 228 228 227 231 229 230 226 227 227 226 227 230
2    219 222 219 220 221 219 221 228 229 228 228 227 228 228 229 231 229 227 227 228 229 228 228 227 228 227 227 227 227 227 227 228 228 226 228 229 229 228 232 230 231 227 228 228 227 228 231
     330 331 332 333 334 335 336 337 338 339 340 341 342 343 344 345 346 347 348 349 350 351 352 353 354 355 356 357 358 359 360 361 362 363 364 365 366 367 368 369 370 371 372 373 374 375 376
1    228 232 232 238 239 247 240 240 247 246 244 246 245 244 245 244 244 243 244 247 245 247 244 247 245 247 250 245 245 246 247 246 246 250 249 247 245 244 245 244 245 247 244 246 259 254 249
2    229 233 233 239 240 248 241 241 248 247 245 247 246 245 246 245 245 244 245 248 246 248 245 248 246 248 251 246 246 247 248 247 247 251 250 248 246 245 246 245 246 248 245 247 260 255 250
     377 378 379 380 381 382 383 384 385 386 387 388 389 390 391 392 393 394 395 396 397 398 399 400 401 402 403 404 405 406 407 408 409 410 411 412 413 414 415 416 417 418 419 420 421 422 423
1    248 248 247 249 246 248 245 246 248 255 255 250 252 253 250 253 249 244 247 246 246 248 247 247 247 247 249 247 247 247 246 246 246 246 246 246 246 247 245 245 246 248 247 246 246 247 247
2    249 249 248 250 247 249 246 247 249 256 256 251 253 254 251 254 250 245 248 247 247 249 248 248 248 248 250 248 248 248 247 247 247 247 247 247 247 248 246 246 247 249 248 247 247 248 248
     424 425 426 427 428 429 430 431 432 433 434 435 436 437 438 439 440 441 442 443 444 445 446 447 448 449 450 451 452 453 454 455 456 457 458 459 460 461 462 463 464 465 466 467 468 469 470
1    248 246 249 246 244 247 249 248 247 246 243 249 244 245 243 245 244 246 243 247 246 247 245 246 245 241 241 241 241 242 245 241 242 244 244 245 244 248 248 244 245 244 243 243 243 241 242
2    249 247 250 247 245 248 250 249 248 247 244 250 245 246 244 246 245 247 244 248 247 248 246 247 246 242 242 242 242 243 246 242 243 245 245 246 245 249 249 245 246 245 244 244 244 242 243
     471 472 473 474 475 476 477 478 479 480 481 482 483 484 485 486 487 488 489 490 491 492 493 494 495 496 497 498 499 500 501 502 503 504 505 506 507 508 509 510 511 512 513 514 515 516 517
1    243 241 243 244 243 244 243 241 241 240 242 243 242 243 243 243 243 244 242 243 245 241 242 247 246 245 246 244 244 245 245 245 251 246 248 244 243 242 244 248 246 246 245 243 243 243 241
2    244 242 244 245 244 245 244 242 242 241 243 244 243 244 244 244 244 245 243 244 246 242 243 248 247 246 247 245 245 246 246 246 252 247 249 245 244 243 245 249 247 247 246 244 244 244 242
     518 519 520 521 522 523 524 525 526 527 528 529 530 531 532 533 534 535 536 537 538 539 540 541 542 543 544 545 546 547 548 549 550 551 552 553 554 555 556 557 558 559 560 561 562 563 564
1    242 244 249 249 255 253 249 229 236 237 237 237 238 241 239 239 239 239 240 238 239 238 238 237 236 236 237 237 237 237 240 239 236 237 236 236 236 236 236 237 236 237 236 236 236 236 236
2    243 245 250 250 256 254 250 230 237 238 238 238 239 242 240 240 240 240 241 239 240 239 239 238 237 237 238 238 238 238 241 240 237 238 237 237 237 237 237 238 237 238 237 237 237 237 237
     565 566 567 568 569 570 571 572 573 574 575 576 577 578 579 580 581 582 583 584 585 586 587 588 589 590 591 592 593 594 595 596 597 598 599 600 601 602 603 604 605 606 607 608 609 610 611
1    236 235 239 236 236 236 237 237 236 236 236 239 237 244 234 237 237 236 229 228 229 233 237 234 234 242 234 234 236 234 238 241 232 234 243 247 248 240 241 242 241 241 241 241 241 241 242
2    237 236 240 237 237 237 238 238 237 237 237 240 238 245 235 238 238 237 230 229 230 234 238 235 235 243 235 235 237 235 239 242 233 235 244 248 249 241 242 243 242 242 242 242 242 242 243
     612 613 614 615 616 617 618 619 620 621 622 623 624 625 626 627 628 629 630 631 632 633 634 635 636 637 638 639 640 641 642 643 644 645 646 647 648 649 650 651 652 653 654 655 656 657 658
1    233 237 237 248 248 248 246 250 250 251 251 250 251 250 249 249 249 252 247 254 253 249 249 250 250 258 261 261 259 258 259 259 258 258 263 264 262 264 265 263 262 263 262 261 269 266 267
2    234 238 238 249 249 249 247 251 251 252 252 251 252 251 250 250 250 253 248 255 254 250 250 251 251 259 262 262 260 259 260 260 259 259 264 265 263 265 266 264 263 264 263 262 270 267 268
     659 660 661 662 663 664 665 666 667 668 669 670 671 672 673 674 675 676 677 678 679 680 681 682 683 684 685 686 687 688 689 690 691 692 693 694 695 696 697 698 699 700 701 702 703 704 705
1    267 279 268 267 265 265 264 264 265 264 262 265 264 262 270 270 272 271 274 272 271 274 272 271 270 270 272 272 273 270 270 270 270 272 270 269 270 271 274 271 270 270 269 269 269 270 270
2    268 280 269 268 266 266 265 265 266 265 263 266 265 263 271 271 273 272 275 273 272 275 273 272 271 271 273 273 274 271 271 271 271 273 271 270 271 272 275 272 271 271 270 270 270 271 271
     706 707 708 709 710 711 712 713 714 715 716 717 718 719 720 721 722 723 724 725 726 727 728 729 730 731 732 733 734 735 736 737 738 739 740 741 742 743 744 745 746 747 748 749 750 751 752
1    270 270 269 270 271 272 270 271 270 269 268 269 273 269 269 268 267 271 269 273 269 270 266 266 268 269 269 270 270 271 264 265 266 266 266 267 270 268 267 268 266 266 266 270 269 268 267
2    271 271 270 271 272 273 271 272 271 270 269 270 274 270 270 269 268 272 270 274 270 271 267 267 269 270 270 271 271 272 265 266 267 267 267 268 271 269 268 269 267 267 267 271 270 269 268
     753 754 755 756 757 758 759 760 761 762 763 764 765 766 767 768 769 770 771 772 773 774 775 776 777 778 779 780 781 782 783 784 785 786 787 788 789 790 791 792 793 794 795 796 797 798 799
1    266 266 266 266 266 266 267 266 266 266 266 265 267 266 267 266 266 268 266 267 268 268 267 267 268 268 268 269 266 268 266 267 264 263 266 268 262 266 268 267 266 266 268 266 265 267 268
2    267 267 267 267 267 267 268 267 267 267 267 266 268 267 268 267 267 269 267 268 269 269 268 268 269 269 269 270 267 269 267 268 265 264 267 269 263 267 269 268 267 267 269 267 266 268 269
     800 801 802 803 804 805 806 807 808 809 810 811 812 813 814 815 816 817 818 819 820 821 822 823 824 825 826 827 828 829 830 831 832 833 834 835 836 837 838 839 840 841 842 843 844 845 846
1    269 271 269 268 267 266 268 267 265 264 269 270 270 271 268 267 268 269 268 269 267 267 268 265 266 264 264 264 264 264 263 266 267 267 267 267 267 268 269 267 268 269 266 265 265 265 271
2    270 272 270 269 268 267 269 268 266 265 270 271 271 272 269 268 269 270 269 270 268 268 269 266 267 265 265 265 265 265 264 267 268 268 268 268 268 269 270 268 269 270 267 266 266 266 272
     847 848 849 850 851 852 853 854 855 856 857 858 859 860 861 862 863 864 865 866 867 868 869 870 871 872 873 874 875 876 877 878 879 880 881 882 883 884 885 886 887 888 889 890 891 892 893
1    270 269 267 271 270 266 267 270 265 268 271 273 272 274 270 272 271 269 272 270 271 272 276 279 279 272 275 274 280 273 273 269 273 272 282 276 279 278 276 281 279 277 275 275 278 281 281
2    271 270 268 272 271 267 268 271 266 269 272 274 273 275 271 273 272 270 273 271 272 273 277 280 280 273 276 275 281 274 274 270 274 273 283 277 280 279 277 282 280 278 276 276 279 282 282
     894 895 896 897 898 899 900 901 902 903 904 905 906 907 908 909 910 911 912 913 914 915 916 917 918 919 920 921 922 923 924 925 926 927 928 929 930 931 932 933 934 935 936 937 938 939 940
1    279 278 277 275 277 276 277 275 274 275 275 274 273 281 282 278 275 278 279 279 279 283 279 279 279 280 278 280 278 280 285 282 277 281 282 279 277 277 276 277 277 278 277 277 277 277 278
2    280 279 278 276 278 277 278 276 275 276 276 275 274 282 283 279 276 279 280 280 280 284 280 280 280 281 279 281 279 281 286 283 278 282 283 280 278 278 277 278 278 279 278 278 278 278 279
     941 942 943 944 945 946 947 948 949 950 951 952 953 954 955 956 957 958 959 960 961 962 963 964 965 966 967 968 969 970 971 972 973 974 975 976 977 978 979 980 981 982 983 984 985 986 987
1    278 279 275 278 276 275 274 276 276 277 279 276 275 277 277 276 277 279 276 276 276 276 276 276 276 276 276 277 278 276 275 277 274 275 275 275 276 275 276 277 277 276 276 277 279 275 282
2    279 280 276 279 277 276 275 277 277 278 280 277 276 278 278 277 278 280 277 277 277 277 277 277 277 277 277 278 279 277 276 278 275 276 276 276 277 276 277 278 278 277 277 278 280 276 283
     988 989 990 991 992 993 994 995 996 997 998 999 1000 1001 1002 1003 1004 1005 1006 1007 1008 1009 1010 1011 1012 1013 1014 1015 1016 1017 1018 1019 1020 1021 1022 1023 1024 1025 1026 1027
1    277 282 280 275 276 276 275 276 277 275 276 275  275  275  275  275  275  275  276  276  275  277  282  275  278  279  278  277  282  282  282  282  282  283  282  282  282  283  283  281
2    278 283 281 276 277 277 276 277 278 276 277 276  276  276  276  276  276  276  277  277  276  278  283  276  279  280  279  278  283  283  283  283  283  284  283  283  283  284  284  282
     1028 1029 1030 1031 1032 1033 1034 1035 1036 1037 1038 1039 1040 1041 1042 1043 1044 1045 1046 1047 1048 1049 1050 1051 1052 1053 1054 1055 1056 1057 1058 1059 1060 1061 1062 1063 1064 1065
1     281  282  282  281  281  281  282  280  282  282  282  285  284  281  282  284  284  284  285  283  284  282  282  281  283  282  286  283  282  283  279  283  282  281  279  278  279  279
2     282  283  283  282  282  282  283  281  283  283  283  286  285  282  283  285  285  285  286  284  285  283  283  282  284  283  287  284  283  284  280  284  283  282  280  279  280  280
     1066 1067 1068 1069 1070 1071 1072 1073 1074 1075 1076 1077 1078 1079 1080 1081 1082 1083 1084 1085 1086 1087 1088 1089 1090 1091 1092 1093 1094 1095 1096 1097 1098 1099 1100 1101 1102 1103
1     279  282  279  280  281  281  280  288  283  291  291  289  290  292  291  279  288  287  286  287  282  283  283  283  284  285  285  286  293  285  286  286  285  286  285  285  283  284
2     280  283  280  281  282  282  281  289  284  292  292  290  291  293  292  280  289  288  287  288  283  284  284  284  285  286  286  287  294  286  287  287  286  287  286  286  284  285
     1104 1105 1106 1107 1108 1109 1110 1111 1112 1113 1114 1115 1116 1117 1118 1119 1120 1121 1122 1123 1124 1125 1126 1127 1128 1129 1130 1131 1132 1133 1134 1135 1136 1137 1138 1139 1140 1141
1     283  283  283  282  284  288  284  284  285  285  284  286  287  285  285  284  288  284  286  284  283  283  287  288  284  287  284  283  284  283  283  288  294  295  300  299  293  291
2     284  284  284  283  285  289  285  285  286  286  285  287  288  286  286  285  289  285  287  285  284  284  288  289  285  288  285  284  285  284  284  289  295  296  301  300  294  292
     1142 1143 1144 1145 1146 1147 1148 1149 1150 1151 1152 1153 1154 1155 1156 1157 1158 1159 1160 1161 1162 1163 1164 1165 1166 1167 1168 1169 1170 1171 1172 1173 1174 1175 1176 1177 1178 1179
1     291  290  284  284  286  285  287  287  287  290  290  294  290  291  296  292  293  291  294  296  298  292  297  296  299  284  288  286  288  288  288  289  290  285  290  289  290  289
2     292  291  285  285  287  286  288  288  288  291  291  295  291  292  297  293  294  292  295  297  299  293  298  297  300  285  289  287  289  289  289  290  291  286  291  290  291  290
     1180 1181 1182 1183 1184 1185 1186 1187 1188 1189 1190 1191 1192 1193 1194 1195 1196 1197 1198 1199 1200 1201 1202 1203 1204 1205 1206 1207 1208 1209 1210 1211 1212 1213 1214 1215 1216 1217
1     289  290  288  286  286  286  285  284  287  295  298  297  301  300  299  301  301  301  297  295  297  297  301  298  299  300  299  305  296  297  296  288  289  288  287  286  295  292
2     290  291  289  287  287  287  286  285  288  296  299  298  302  301  300  302  302  302  298  296  298  298  302  299  300  301  300  306  297  298  297  289  290  289  288  287  296  293
     1218 1219 1220 1221 1222 1223 1224 1225 1226 1227 1228 1229 1230 1231 1232 1233 1234 1235 1236 1237 1238 1239 1240 1241 1242 1243 1244 1245 1246 1247 1248 1249 1250 1251 1252 1253 1254 1255
1     291  292  289  289  287  288  298  299  300  303  299  298  298  298  299  300  300  299  300  299  298  299  300  299  302  299  304  299  300  299  299  299  297  301  302  300  299  298
2     292  293  290  290  288  289  299  300  301  304  300  299  299  299  300  301  301  300  301  300  299  300  301  300  303  300  305  300  301  300  300  300  298  302  303  301  300  299
     1256 1257 1258 1259 1260 1261 1262 1263 1264 1265 1266 1267 1268 1269 1270 1271 1272 1273 1274 1275 1276 1277 1278 1279 1280 1281 1282 1283 1284 1285 1286 1287 1288 1289 1290 1291 1292 1293
1     299  301  299  300  300  300  301  299  298  302  302  308  307  307  306  306  307  304  303  303  303  304  303  304  303  303  305  302  301  299  302  300  301  300  300  300  300  303
2     300  302  300  301  301  301  302  300  299  303  303  309  308  308  307  307  308  305  304  304  304  305  304  305  304  304  306  303  302  300  303  301  302  301  301  301  301  304
     1294 1295 1296 1297 1298 1299 1300 1301 1302 1303 1304 1305 1306 1307 1308 1309 1310 1311 1312 1313 1314 1315 1316 1317 1318 1319 1320 1321 1322 1323 1324 1325 1326 1327 1328 1329 1330 1331
1     300  300  301  300  301  301  300  298  299  299  299  302  303  300  300  300  299  299  302  300  303  300  302  302  302  306  301  303  301  309  305  305  306  306  305  301  300  300
2     301  301  302  301  302  302  301  299  300  300  300  303  304  301  301  301  300  300  303  301  304  301  303  303  303  307  302  304  302  310  306  306  307  307  306  302  301  301
     1332 1333 1334 1335 1336 1337 1338 1339 1340 1341 1342 1343 1344 1345 1346 1347 1348 1349 1350 1351 1352 1353 1354 1355 1356 1357 1358 1359 1360 1361 1362 1363 1364 1365 1366 1367 1368 1369
1     300  301  303  302  301  299  300  299  303  302  302  301  300  298  298  299  299  300  299  301  302  301  299  300  301  301  302  301  304  307  299  304  306  307  305  306  305  306
2     301  302  304  303  302  300  301  300  304  303  303  302  301  299  299  300  300  301  300  302  303  302  300  301  302  302  303  302  305  308  300  305  307  308  306  307  306  307
     1370 1371 1372 1373 1374 1375 1376 1377 1378 1379 1380 1381 1382 1383 1384 1385 1386 1387 1388 1389 1390 1391 1392 1393 1394 1395 1396 1397 1398 1399 1400 1401 1402 1403 1404 1405 1406 1407
1     304  305  311  315  310  316  311  316  314  310  311  309  312  313  311  311  311  311  314  312  312  311  311  311  311  310  311  314  318  312  312  314  311  312  312  312  314  314
2     305  306  312  316  311  317  312  317  315  311  312  310  313  314  312  312  312  312  315  313  313  312  312  312  312  311  312  315  319  313  313  315  312  313  313  313  315  315
     1408 1409 1410 1411 1412 1413 1414 1415 1416 1417 1418 1419 1420 1421 1422 1423 1424 1425 1426 1427 1428 1429 1430 1431 1432 1433 1434 1435 1436 1437 1438 1439 1440 1441 1442 1443 1444 1445
1     313  315  317  314  307  306  304  304  307  305  322  305  305  305  305  307  304  305  305  305  304  306  305  305  305  304  304  308  305  305  305  305  306  304  307  307  306  306
2     314  316  318  315  308  307  305  305  308  306  323  306  306  306  306  308  305  306  306  306  305  307  306  306  306  305  305  309  306  306  306  306  307  305  308  308  307  307
     1446 1447 1448 1449 1450 1451 1452 1453 1454 1455 1456 1457 1458 1459 1460 1461 1462 1463 1464 1465 1466 1467 1468 1469 1470 1471 1472 1473 1474 1475 1476 1477 1478 1479 1480 1481 1482 1483
1     305  305  307  305  306  305  305  308  306  307  308  311  306  309  306  309  305  310  312  312  313  315  314  316  314  312  313  313  314  319  318  316  315  318  317  317  316  314
2     306  306  308  306  307  306  306  309  307  308  309  312  307  310  307  310  306  311  313  313  314  316  315  317  315  313  314  314  315  320  319  317  316  319  318  318  317  315
     1484 1485 1486 1487 1488 1489 1490 1491 1492 1493 1494 1495 1496 1497 1498 1499 1500 1501 1502 1503 1504 1505 1506 1507 1508 1509 1510 1511 1512 1513 1514 1515 1516 1517 1518 1519 1520 1521
1     314  315  308  314  312  310  309  312  310  310  310  312  306  309  312  305  306  308  309  311  311  313  307  315  306  306  305  305  307  307  306  308  309  313  313  316  316  313
2     315  316  309  315  313  311  310  313  311  311  311  313  307  310  313  306  307  309  310  312  312  314  308  316  307  307  306  306  308  308  307  309  310  314  314  317  317  314
     1522 1523 1524 1525 1526 1527 1528 1529 1530 1531 1532 1533 1534 1535 1536 1537 1538 1539 1540 1541 1542 1543 1544 1545 1546 1547 1548 1549 1550 1551 1552 1553 1554 1555 1556 1557 1558 1559
1     305  310  307  305  305  305  307  312  311  307  316  313  309  310  311  313  315  313  309  312  308  316  303  306  305  305  305  305  304  304  305  308  304  304  304  304  304  304
2     306  311  308  306  306  306  308  313  312  308  317  314  310  311  312  314  316  314  310  313  309  317  304  307  306  306  306  306  305  305  306  309  305  305  305  305  305  305
     1560 1561 1562 1563 1564 1565 1566 1567 1568 1569 1570 1571 1572 1573 1574 1575 1576 1577 1578 1579 1580 1581 1582 1583 1584 1585 1586 1587 1588 1589 1590 1591 1592 1593 1594 1595 1596 1597
1     304  306  306  305  311  306  307  306  307  307  307  303  310  309  310  306  307  309  308  309  309  310  309  307  307  305  305  306  306  307  307  306  309  309  307  311  306  307
2     305  307  307  306  312  307  308  307  308  308  308  304  311  310  311  307  308  310  309  310  310  311  310  308  308  306  306  307  307  308  308  307  310  310  308  312  307  308
     1598 1599 1600 1601 1602 1603 1604 1605 1606 1607 1608 1609 1610 1611 1612 1613 1614 1615 1616 1617 1618 1619 1620 1621 1622 1623 1624 1625 1626 1627 1628 1629 1630 1631 1632 1633 1634 1635
1     306  306  306  306  305  305  306  305  305  304  304  305  305  308  308  308  305  308  309  307  307  307  306  308  306  306  305  304  316  314  308  310  311  310  311  310  310  311
2     307  307  307  307  306  306  307  306  306  305  305  306  306  309  309  309  306  309  310  308  308  308  307  309  307  307  306  305  317  315  309  311  312  311  312  311  311  312
     1636 1637 1638 1639 1640 1641 1642 1643 1644 1645 1646 1647 1648 1649 1650 1651 1652 1653 1654 1655 1656 1657 1658 1659 1660 1661 1662 1663 1664 1665 1666 1667 1668 1669 1670 1671 1672 1673
1     314  310  310  310  310  310  309  310  309  311  309  309  310  313  309  312  311  310  311  309  309  310  309  308  308  308  309  309  309  311  311  312  312  312  309  310  310  314
2     315  311  311  311  311  311  310  311  310  312  310  310  311  314  310  313  312  311  312  310  310  311  310  309  309  309  310  310  310  312  312  313  313  313  310  311  311  315
     1674 1675 1676 1677 1678 1679 1680 1681 1682 1683 1684 1685 1686 1687 1688 1689 1690 1691 1692 1693 1694 1695 1696 1697 1698 1699 1700 1701 1702 1703 1704 1705 1706 1707 1708 1709 1710 1711
1     310  308  301  303  300  301  302  305  307  308  309  307  304  306  305  304  307  307  304  297  299  297  301  297  299  297  299  300  299  305  303  304  297  299  297  297  296  296
2     311  309  302  304  301  302  303  306  308  309  310  308  305  307  306  305  308  308  305  298  300  298  302  298  300  298  300  301  300  306  304  305  298  300  298  298  297  297
     1712 1713 1714 1715 1716 1717 1718 1719 1720 1721 1722 1723 1724 1725 1726 1727 1728 1729 1730 1731 1732 1733 1734 1735 1736 1737 1738 1739 1740 1741 1742 1743 1744 1745 1746 1747 1748 1749
1     299  298  300  299  299  303  299  299  299  301  298  306  299  301  299  289  290  292  291  290  287  287  287  287  284  281  284  274  279  277  278  278  277  278  279  275  274  277
2     300  299  301  300  300  304  300  300  300  302  299  307  300  302  300  290  291  293  292  291  288  288  288  288  285  282  285  275  280  278  279  279  278  279  280  276  275  278
     1750 1751 1752 1753 1754 1755 1756 1757 1758 1759 1760 1761 1762 1763 1764 1765 1766 1767 1768 1769 1770 1771 1772 1773 1774 1775 1776 1777 1778 1779 1780 1781 1782 1783 1784 1785 1786 1787
1     281  272  276  279  280  276  281  276  276  274  277  275  278  271  278  272  273  272  273  274  273  273  270  270  272  272  276  273  277  272  272  275  268  276  266  265  264  266
2     282  273  277  280  281  277  282  277  277  275  278  276  279  272  279  273  274  273  274  275  274  274  271  271  273  273  277  274  278  273  273  276  269  277  267  266  265  267
     1788 1789 1790 1791 1792 1793 1794 1795 1796 1797 1798 1799 1800 1801 1802 1803 1804 1805 1806 1807 1808 1809 1810 1811 1812 1813 1814 1815 1816 1817 1818 1819 1820 1821 1822 1823 1824 1825
1     267  270  267  267  270  270  270  271  268  261  268  268  265  268  261  262  260  263  268  268  266  266  269  271  272  270  260  262  248  246  232  228  229  229  228  228  228  230
2     268  271  268  268  271  271  271  272  269  262  269  269  266  269  262  263  261  264  269  269  267  267  270  272  273  271  261  263  249  247  233  229  230  230  229  229  229  231
     1826 1827 1828 1829 1830 1831 1832 1833 1834 1835 1836 1837 1838 1839 1840 1841 1842 1843 1844 1845 1846 1847 1848 1849 1850 1851 1852 1853 1854 1855 1856 1857 1858 1859 1860 1861 1862 1863
1     228  227  227  231  233  228  229  229  234  235  234  234  232  231  232  233  232  229  230  229  229  229  229  230  230  232  232  230  230  231  230  229  229  230  230  231  231  233
2     229  228  228  232  234  229  230  230  235  236  235  235  233  232  233  234  233  230  231  230  230  230  230  231  231  233  233  231  231  232  231  230  230  231  231  232  232  234
     1864 1865 1866 1867 1868 1869 1870 1871 1872 1873 1874 1875 1876 1877 1878 1879 1880 1881 1882 1883 1884 1885 1886 1887 1888 1889 1890 1891 1892 1893 1894 1895 1896 1897 1898 1899 1900 1901
1     229  229  229  230  231  230  231  232  230  231  231  230  231  232  233  235  235  230  230  229  229  229  229  229  229  229  229  229  229  229  229  229  229  235  235  234  235  233
2     230  230  230  231  232  231  232  233  231  232  232  231  232  233  234  236  236  231  231  230  230  230  230  230  230  230  230  230  230  230  230  230  230  236  236  235  236  234
     1902 1903 1904 1905 1906 1907 1908 1909 1910 1911 1912 1913 1914 1915 1916 1917 1918 1919 1920 1921 1922 1923 1924 1925 1926 1927 1928 1929 1930 1931 1932 1933 1934 1935 1936 1937 1938 1939
1     234  228  236  233  231  230  231  229  233  230  231  229  229  232  231  231  231  231  230  229  232  231  229  231  231  230  232  239  240  240  237  238  237  238  239  237  238  231
2     235  229  237  234  232  231  232  230  234  231  232  230  230  233  232  232  232  232  231  230  233  232  230  232  232  231  233  240  241  241  238  239  238  239  240  238  239  232
     1940 1941 1942 1943 1944 1945 1946 1947 1948 1949 1950 1951 1952 1953 1954 1955 1956 1957 1958 1959 1960 1961 1962 1963 1964 1965 1966 1967 1968 1969 1970 1971 1972 1973 1974 1975 1976 1977
1     230  224  226  228  230  230  227  228  227  229  228  229  229  228  233  228  228  226  226  226  225  226  228  228  226  227  227  226  227  227  230  230  231  228  220  220  218  226
2     231  225  227  229  231  231  228  229  228  230  229  230  230  229  234  229  229  227  227  227  226  227  229  229  227  228  228  227  228  228  231  231  232  229  221  221  219  227
     1978 1979 1980 1981 1982 1983 1984 1985 1986 1987 1988 1989 1990 1991 1992 1993 1994 1995 1996 1997 1998 1999 2000 2001 2002 2003 2004 2005 2006 2007 2008 2009 2010 2011 2012 2013 2014 2015
1     225  215  217  216  217  217  218  217  216  216  216  216  216  217  216  215  217  219  217  216  217  217  216  215  211  203  204  209  209  208  209  209  207  208  212  208  208  207
2     226  216  218  217  218  218  219  218  217  217  217  217  217  218  217  216  218  220  218  217  218  218  217  216  212  204  205  210  210  209  210  210  208  209  213  209  209  208
     2016 2017 2018 2019 2020 2021 2022 2023 2024 2025 2026 2027 2028 2029 2030 2031 2032 2033 2034 2035 2036 2037 2038 2039 2040 2041 2042 2043 2044 2045 2046 2047 2048 2049 2050 2051 2052 2053
1     208  208  206  206  210  208  204  205  200  205  204  205  205  205  206  206  203  205  207  208  201  198  204  203  206  203  205  204  204  204  204  206  208  205  203  203  204  202
2     209  209  207  207  211  209  205  206  201  206  205  206  206  206  207  207  204  206  208  209  202  199  205  204  207  204  206  205  205  205  205  207  209  206  204  204  205  203
     2054 2055 2056 2057 2058 2059 2060 2061 2062 2063 2064 2065 2066 2067 2068 2069 2070 2071 2072 2073 2074 2075 2076 2077 2078 2079 2080 2081 2082 2083 2084 2085 2086 2087 2088 2089 2090 2091
1     202  203  209  209  211  204  201  201  201  201  202  206  149  155  155  154  153  153  137  142  140  140  143  129  129  140  141  141  142  141  119  108  108  117  126  106   64   63
2     203  204  210  210  212  205  202  202  202  202  203  207  150  156  156  155  154  154  138  143  141  141  144  130  130  141  142  142  143  142  120  109  109  118  127  107   65   64
     2092 2093 2094 2095 2096 2097 2098 2099 2100 2101 2102 2103 2104 2105 2106 2107 2108 2109 2110 2111 2112 2113 2114 2115 2116 2117 2118 2119 2120 2121 2122 2123 2124 2125 2126 2127 2128 2129
1      66   59   56   50   48   51   56   62   50   43   43   46   40   42   41   42   43   41   43   42   41   36   24   33   25   24   24   11   10    9    9   27   33   39    8   15   18    6
2      67   60   57   51   49   52   57   63   51   44   44   47   41   43   42   43   44   42   44   43   42   37   25   34   26   25   25   12   11   10   10   28   34   40    9   16   19    7
     2130 2131 2132 2133 2134 2135 2136 2137 2138 2139 2140 2141 2142 2143 2144 2145 2146 2147 2148 2149 2150 2151 2152 2153 2154 2155 2156 2157 2158 2159 2160 2161 2162 2163 2164 2165 2166 2167
1       7    5    4    4    8    9    8    6    7    7    8    8    7    5    7    7    6    6    5    8    5    5    5    4    4    4    4    3    3    3    3    3    3    5    6    6    6   13
2       8    6    5    5    9   10    9    7    8    8    9    9    8    6    8    8    7    7    6    9    6    6    6    5    5    5    5    4    4    4    4    4    4    6    7    7    7   14
     2168 2169 2170 2171 2172 2173 2174 2175 2176 2177 2178 2179 2180 2181 2182 2183 2184 2185 2186 2187 2188 2189 2190 2191 2192 2193 2194 2195 2196 2197 2198 2199 2200 2201 2202 2203 2204 2205
1      14   15    5    4    5    9   20   31   39   39   41   42   47   52   56   57   62   66   67   64   70   70   73   73   73   73   73   78   81   82   83   86   86   87   85   95   97   98
2      15   16    6    5    6   10   21   32   40   40   42   43   48   53   57   58   63   67   68   65   71   71   74   74   74   74   74   79   82   83   84   87   87   88   86   96   98   99
     2206 2207 2208 2209 2210 2211 2212 2213 2214 2215 2216 2217 2218 2219 2220 2221 2222 2223 2224 2225 2226 2227 2228 2229 2230 2231 2232 2233 2234 2235 2236 2237 2238 2239 2240 2241 2242 2243
1     104  104  104  117  117  119  119  120  123  125  126  126  126  119  122  125  126  127  129  126  129  133  134  135  137  137  138  138  139  143  145  153  155  156  156  157  157  165
2     105  105  105  118  118  120  120  121  124  126  127  127  127  120  123  126  127  128  130  127  130  134  135  136  138  138  139  139  140  144  146  154  156  157  157  158  158  166
     2244 2245 2246 2247 2248 2249 2250 2251 2252 2253 2254 2255 2256 2257 2258 2259 2260 2261 2262 2263 2264 2265 2266 2267 2268 2269 2270 2271 2272 2273 2274 2275 2276 2277 2278 2279 2280 2281
1     168  169  169  170  172  173  175  177  173  174  175  171  177  177  177  174  171  173  173  173  173  173  173  173  174  173  173  174  174  171  171  171  171  172  172  172  173  172
2     169  170  170  171  173  174  176  178  174  175  176  172  178  178  178  175  172  174  174  174  174  174  174  174  175  174  174  175  175  172  172  172  172  173  173  173  174  173
     2282 2283 2284 2285 2286 2287 2288 2289 2290 2291 2292 2293 2294 2295 2296 2297 2298 2299 2300 2301 2302 2303 2304 2305 2306 2307 2308 2309 2310 2311 2312 2313 2314 2315 2316 2317 2318 2319
1     172  172  172  171  171  172  175  175  177  177  177  178  178  178  179  177  177  177  177  177  179  179  177  179  179  175  175  175  175  175  175  176  176  175  176  175  175  177
2     173  173  173  172  172  173  176  176  178  178  178  179  179  179  180  178  178  178  178  178  180  180  178  180  180  176  176  176  176  176  176  177  177  176  177  176  176  178
     2320 2321 2322 2323 2324 2325 2326 2327 2328 2329 2330 2331 2332 2333 2334 2335 2336 2337 2338 2339 2340 2341 2342 2343 2344 2345 2346 2347 2348 2349 2350 2351 2352 2353 2354 2355 2356 2357
1     177  178  179  177  177  177  177  177  177  185  189  189  189  189  189  189  189  189  189  189  189  189  190  190  190  190  190  189  189  189  189  190  176  172  174  181  182  183
2     178  179  180  178  178  178  178  178  178  186  190  190  190  190  190  190  190  190  190  190  190  190  191  191  191  191  191  190  190  190  190  191  177  173  175  182  183  184
     2358 2359 2360 2361 2362 2363 2364 2365 2366 2367 2368 2369 2370 2371 2372 2373 2374 2375 2376 2377 2378 2379 2380 2381 2382 2383 2384 2385 2386 2387 2388 2389 2390 2391 2392 2393 2394 2395
1     187  184  185  187  187  187  187  187  187  187  187  186  187  187  189  192  190  190  191  191  190  190  193  191  191  191  191  191  189  192  192  193  193  193  194  195  201  202
2     188  185  186  188  188  188  188  188  188  188  188  187  188  188  190  193  191  191  192  192  191  191  194  192  192  192  192  192  190  193  193  194  194  194  195  196  202  203
     2396 2397 2398 2399 2400 2401 2402 2403 2404 2405 2406 2407 2408 2409 2410 2411 2412 2413 2414 2415 2416 2417 2418 2419 2420 2421 2422 2423 2424 2425 2426 2427 2428 2429 2430 2431 2432 2433
1     202  203  205  203  205  205  213  213  213  213  213  214  214  215  215  215  215  215  215  214  213  214  215  215  215  215  215  215  215  215  215  215  215  217  217  217  216  215
2     203  204  206  204  206  206  214  214  214  214  214  215  215  216  216  216  216  216  216  215  214  215  216  216  216  216  216  216  216  216  216  216  216  218  218  218  217  216
     2434 2435 2436 2437 2438 2439 2440 2441 2442 2443 2444 2445 2446 2447 2448 2449 2450 2451 2452 2453 2454 2455 2456 2457 2458 2459 2460 2461 2462 2463 2464 2465 2466 2467 2468 2469 2470 2471
1     215  216  217  218  219  213  214  215  215  215  215  215  215  216  216  217  219  219  220  220  221  220  220  216  220  222  222  222  221  223  223  222  223  215  217  217  217  219
2     216  217  218  219  220  214  215  216  216  216  216  216  216  217  217  218  220  220  221  221  222  221  221  217  221  223  223  223  222  224  224  223  224  216  218  218  218  220
     2472 2473 2474 2475 2476 2477 2478 2479 2480 2481 2482 2483 2484 2485 2486 2487 2488 2489 2490 2491 2492 2493 2494 2495 2496 2497 2498 2499 2500 2501 2502 2503 2504 2505 2506 2507 2508 2509
1     217  217  217  217  218  217  218  220  221  222  223  224  225  225  225  225  225  225  225  225  225  225  225  225  225  225  225  225  226  226  227  228  226  226  226  225  226  225
2     218  218  218  218  219  218  219  221  222  223  224  225  226  226  226  226  226  226  226  226  226  226  226  226  226  226  226  226  227  227  228  229  227  227  227  226  227  226
     2510 2511 2512 2513 2514 2515 2516 2517 2518 2519 2520 2521 2522 2523 2524 2525 2526 2527 2528 2529 2530 2531 2532 2533 2534 2535 2536 2537 2538 2539 2540 2541 2542 2543 2544 2545 2546 2547
1     225  225  225  225  225  226  227  227  228  229  225  225  225  225  226  226  226  225  226  232  236  238  238  238  238  239  239  241  243  243  243  243  243  243  243  243  243  243
2     226  226  226  226  226  227  228  228  229  230  226  226  226  226  227  227  227  226  227  233  237  239  239  239  239  240  240  242  244  244  244  244  244  244  244  244  244  244
     2548 2549 2550 2551 2552 2553 2554 2555 2556 2557 2558 2559 2560 2561 2562 2563 2564 2565 2566 2567 2568 2569 2570 2571 2572 2573 2574 2575 2576 2577 2578 2579 2580 2581 2582 2583 2584 2585
1     246  243  244  243  244  243  243  244  244  244  245  244  244  246  243  245  245  245  245  246  246  246  243  243  243  241  243  246  250  247  247  247  247  244  245  245  245  245
2     247  244  245  244  245  244  244  245  245  245  246  245  245  247  244  246  246  246  246  247  247  247  244  244  244  242  244  247  251  248  248  248  248  245  246  246  246  246
     2586 2587 2588 2589 2590 2591 2592 2593 2594 2595 2596 2597 2598 2599 2600 2601 2602 2603 2604 2605 2606 2607 2608 2609 2610 2611 2612 2613 2614 2615 2616 2617 2618 2619 2620 2621 2622 2623
1     245  246  254  246  247  248  249  251  242  242  242  242  244  244  244  245  245  245  245  245  245  245  245  245  245  246  245  246  245  245  245  247  245  245  246  245  245  245
2     246  247  255  247  248  249  250  252  243  243  243  243  245  245  245  246  246  246  246  246  246  246  246  246  246  247  246  247  246  246  246  248  246  246  247  246  246  246
     2624 2625 2626 2627 2628 2629 2630 2631 2632 2633 2634 2635 2636 2637 2638 2639 2640 2641 2642 2643 2644 2645 2646 2647 2648 2649 2650 2651 2652 2653 2654 2655 2656 2657 2658 2659 2660 2661
1     246  245  246  247  245  245  244  246  245  246  247  247  243  243  244  242  242  242  244  244  244  246  244  240  240  240  240  240  240  240  240  240  240  240  240  240  240  240
2     247  246  247  248  246  246  245  247  246  247  248  248  244  244  245  243  243  243  245  245  245  247  245  241  241  241  241  241  241  241  241  241  241  241  241  241  241  241
     2662 2663 2664 2665 2666 2667 2668 2669 2670 2671 2672 2673 2674 2675 2676 2677 2678 2679 2680 2681 2682 2683 2684 2685 2686 2687 2688 2689 2690 2691 2692 2693 2694 2695 2696 2697 2698 2699
1     241  241  241  243  241  241  241  244  244  244  242  244  240  240  240  241  241  242  243  240  240  241  241  241  242  242  241  241  241  241  242  242  241  240  242  245  245  244
2     242  242  242  244  242  242  242  245  245  245  243  245  241  241  241  242  242  243  244  241  241  242  242  242  243  243  242  242  242  242  243  243  242  241  243  246  246  245
     2700 2701 2702 2703 2704 2705 2706 2707 2708 2709 2710 2711 2712 2713 2714 2715 2716 2717 2718 2719 2720 2721 2722 2723 2724 2725 2726 2727 2728 2729 2730 2731 2732 2733 2734 2735 2736 2737
1     244  244  244  244  244  244  243  240  241  245  245  245  240  241  241  241  241  243  248  251  226  227  227  227  229  235  235  235  235  235  236  236  236  236  237  237  237  237
2     245  245  245  245  245  245  244  241  242  246  246  246  241  242  242  242  242  244  249  252  227  228  228  228  230  236  236  236  236  236  237  237  237  237  238  238  238  238
     2738 2739 2740 2741 2742 2743 2744 2745 2746 2747 2748 2749 2750 2751 2752 2753 2754 2755 2756 2757 2758 2759 2760 2761 2762 2763 2764 2765 2766 2767 2768 2769 2770 2771 2772 2773 2774 2775
1     237  238  239  237  238  235  235  235  235  235  235  235  235  235  235  235  235  235  235  235  235  235  236  235  235  236  235  235  236  235  235  235  235  236  235  236  235  237
2     238  239  240  238  239  236  236  236  236  236  236  236  236  236  236  236  236  236  236  236  236  236  237  236  236  237  236  236  237  236  236  236  236  237  236  237  236  238
     2776 2777 2778 2779 2780 2781 2782 2783 2784 2785 2786 2787 2788 2789 2790 2791 2792 2793 2794 2795 2796 2797 2798 2799 2800 2801 2802 2803 2804 2805 2806 2807 2808 2809 2810 2811 2812 2813
1     227  234  234  234  228  229  230  231  232  232  232  232  232  233  234  232  232  232  233  232  232  239  240  240  240  240  241  240  240  240  240  240  240  233  237  240  243  246
2     228  235  235  235  229  230  231  232  233  233  233  233  233  234  235  233  233  233  234  233  233  240  241  241  241  241  242  241  241  241  241  241  241  234  238  241  244  247
     2814 2815 2816 2817 2818 2819 2820 2821 2822 2823 2824 2825 2826 2827 2828 2829 2830 2831 2832 2833 2834 2835 2836 2837 2838 2839 2840 2841 2842 2843 2844 2845 2846 2847 2848 2849 2850 2851
1     244  245  245  245  247  249  246  245  246  247  247  247  247  250  247  247  247  248  248  249  249  257  257  257  257  257  257  257  257  257  257  258  259  259  259  261  261  261
2     245  246  246  246  248  250  247  246  247  248  248  248  248  251  248  248  248  249  249  250  250  258  258  258  258  258  258  258  258  258  258  259  260  260  260  262  262  262
     2852 2853 2854 2855 2856 2857 2858 2859 2860 2861 2862 2863 2864 2865 2866 2867 2868 2869 2870 2871 2872 2873 2874 2875 2876 2877 2878 2879 2880 2881 2882 2883 2884 2885 2886 2887 2888 2889
1     261  261  261  261  261  261  261  261  261  262  261  264  265  266  266  266  266  267  262  263  264  261  264  262  262  262  262  263  264  265  266  268  269  269  269  269  269  269
2     262  262  262  262  262  262  262  262  262  263  262  265  266  267  267  267  267  268  263  264  265  262  265  263  263  263  263  264  265  266  267  269  270  270  270  270  270  270
     2890 2891 2892 2893 2894 2895 2896 2897 2898 2899 2900 2901 2902 2903 2904 2905 2906 2907 2908 2909 2910 2911 2912 2913 2914 2915 2916 2917 2918 2919 2920 2921 2922 2923 2924 2925 2926 2927
1     270  270  270  270  270  271  272  269  269  269  269  270  270  269  269  269  269  269  269  270  270  267  267  268  268  268  269  269  269  269  269  269  270  270  267  267  267  267
2     271  271  271  271  271  272  273  270  270  270  270  271  271  270  270  270  270  270  270  271  271  268  268  269  269  269  270  270  270  270  270  270  271  271  268  268  268  268
     2928 2929 2930 2931 2932 2933 2934 2935 2936 2937 2938 2939 2940 2941 2942 2943 2944 2945 2946 2947 2948 2949 2950 2951 2952 2953 2954 2955 2956 2957 2958 2959 2960 2961 2962 2963 2964 2965
1     268  267  267  268  267  268  269  264  268  268  268  269  269  262  262  263  263  265  265  265  265  265  265  265  265  265  265  265  265  265  265  265  265  265  266  266  266  266
2     269  268  268  269  268  269  270  265  269  269  269  270  270  263  263  264  264  266  266  266  266  266  266  266  266  266  266  266  266  266  266  266  266  266  267  267  267  267
     2966 2967 2968 2969 2970 2971 2972 2973 2974 2975 2976 2977 2978 2979 2980 2981 2982 2983 2984 2985 2986 2987 2988 2989 2990 2991 2992 2993 2994 2995 2996 2997 2998 2999 3000 3001 3002 3003
1     265  266  267  268  265  265  265  265  265  265  265  266  266  265  265  265  266  266  266  267  267  267  267  266  266  266  264  263  263  265  265  265  265  265  266  264  263  263
2     266  267  268  269  266  266  266  266  266  266  266  267  267  266  266  266  267  267  267  268  268  268  268  267  267  267  265  264  264  266  266  266  266  266  267  265  264  264
     3004 3005 3006 3007 3008 3009 3010 3011 3012 3013 3014 3015 3016 3017 3018 3019 3020 3021 3022 3023 3024 3025 3026 3027 3028 3029 3030 3031 3032 3033 3034 3035 3036 3037 3038 3039 3040 3041
1     267  268  268  267  267  264  264  264  264  264  266  267  267  267  267  268  268  269  267  267  266  266  263  263  263  263  264  263  263  263  265  266  266  266  266  266  266  267
2     268  269  269  268  268  265  265  265  265  265  267  268  268  268  268  269  269  270  268  268  267  267  264  264  264  264  265  264  264  264  266  267  267  267  267  267  267  268
     3042 3043 3044 3045 3046 3047 3048 3049 3050 3051 3052 3053 3054 3055 3056 3057 3058 3059 3060 3061 3062 3063 3064 3065 3066 3067 3068 3069 3070 3071 3072 3073 3074 3075 3076 3077 3078 3079
1     265  265  267  266  263  259  260  261  262  266  266  266  266  267  261  261  261  262  263  261  262  263  267  268  268  268  268  271  271  271  268  269  268  269  269  270  270  270
2     266  266  268  267  264  260  261  262  263  267  267  267  267  268  262  262  262  263  264  262  263  264  268  269  269  269  269  272  272  272  269  270  269  270  270  271  271  271
     3080 3081 3082 3083 3084 3085 3086 3087 3088 3089 3090 3091 3092 3093 3094 3095 3096 3097 3098 3099 3100 3101 3102 3103 3104 3105 3106 3107 3108 3109 3110 3111 3112 3113 3114 3115 3116 3117
1     270  271  273  278  270  270  272  273  270  270  270  272  272  272  273  273  273  273  273  274  275  276  276  277  273  273  273  273  273  274  274  274  274  274  277  278  278  278
2     271  272  274  279  271  271  273  274  271  271  271  273  273  273  274  274  274  274  274  275  276  277  277  278  274  274  274  274  274  275  275  275  275  275  278  279  279  279
     3118 3119 3120 3121 3122 3123 3124 3125 3126 3127 3128 3129 3130 3131 3132 3133 3134 3135 3136 3137 3138 3139 3140 3141 3142 3143 3144 3145 3146 3147 3148 3149 3150 3151 3152 3153 3154 3155
1     274  276  273  274  273  273  274  275  275  277  274  274  277  277  278  277  277  278  278  278  278  278  278  279  278  278  278  278  275  279  274  274  274  275  276  276  276  276
2     275  277  274  275  274  274  275  276  276  278  275  275  278  278  279  278  278  279  279  279  279  279  279  280  279  279  279  279  276  280  275  275  275  276  277  277  277  277
     3156 3157 3158 3159 3160 3161 3162 3163 3164 3165 3166 3167 3168 3169 3170 3171 3172 3173 3174 3175 3176 3177 3178 3179 3180 3181 3182 3183 3184 3185 3186 3187 3188 3189 3190 3191 3192 3193
1     276  276  276  276  277  274  273  273  274  275  275  275  275  275  276  275  275  275  275  275  275  275  275  275  275  276  275  275  275  275  275  275  276  274  274  274  274  274
2     277  277  277  277  278  275  274  274  275  276  276  276  276  276  277  276  276  276  276  276  276  276  276  276  276  277  276  276  276  276  276  276  277  275  275  275  275  275
     3194 3195 3196 3197 3198 3199 3200 3201 3202 3203 3204 3205 3206 3207 3208 3209 3210 3211 3212 3213 3214 3215 3216 3217 3218 3219 3220 3221 3222 3223 3224 3225 3226 3227 3228 3229 3230 3231
1     274  274  274  274  274  274  274  274  275  275  275  275  275  276  276  276  274  274  274  275  274  275  275  275  275  274  274  274  274  274  274  274  274  275  274  276  273  273
2     275  275  275  275  275  275  275  275  276  276  276  276  276  277  277  277  275  275  275  276  275  276  276  276  276  275  275  275  275  275  275  275  275  276  275  277  274  274
     3232 3233 3234 3235 3236 3237 3238 3239 3240 3241 3242 3243 3244 3245 3246 3247 3248 3249 3250 3251 3252 3253 3254 3255 3256 3257 3258 3259 3260 3261 3262 3263 3264 3265 3266 3267 3268 3269
1     276  276  276  278  278  279  280  280  280  280  280  280  280  280  280  280  280  280  280  280  280  280  280  280  280  282  280  281  280  280  280  280  281  281  280  281  282  283
2     277  277  277  279  279  280  281  281  281  281  281  281  281  281  281  281  281  281  281  281  281  281  281  281  281  283  281  282  281  281  281  281  282  282  281  282  283  284
     3270 3271 3272 3273 3274 3275 3276 3277 3278 3279 3280 3281 3282 3283 3284 3285 3286 3287 3288 3289 3290 3291 3292 3293 3294 3295 3296 3297 3298 3299 3300 3301 3302 3303 3304 3305 3306 3307
1     283  283  283  281  281  281  281  281  282  278  278  280  281  278  278  278  278  278  277  279  277  279  284  288  288  290  274  281  282  282  282  282  282  282  282  282  282  283
2     284  284  284  282  282  282  282  282  283  279  279  281  282  279  279  279  279  279  278  280  278  280  285  289  289  291  275  282  283  283  283  283  283  283  283  283  283  284
     3308 3309 3310 3311 3312 3313 3314 3315 3316 3317 3318 3319 3320 3321 3322 3323 3324 3325 3326 3327 3328 3329 3330 3331 3332 3333 3334 3335 3336 3337 3338 3339 3340 3341 3342 3343 3344 3345
1     284  286  282  282  282  282  282  282  282  282  283  284  284  284  284  284  282  282  285  282  282  282  282  283  282  284  285  282  282  283  283  284  282  282  283  283  284  283
2     285  287  283  283  283  283  283  283  283  283  284  285  285  285  285  285  283  283  286  283  283  283  283  284  283  285  286  283  283  284  284  285  283  283  284  284  285  284
     3346 3347 3348 3349 3350 3351 3352 3353 3354 3355 3356 3357 3358 3359 3360 3361 3362 3363 3364 3365 3366 3367 3368 3369 3370 3371 3372 3373 3374 3375 3376 3377 3378 3379 3380 3381 3382 3383
1     282  283  284  285  284  282  283  283  283  288  288  290  293  299  290  290  291  282  282  283  283  287  287  289  290  289  289  289  289  289  289  290  291  290  294  295  293  294
2     283  284  285  286  285  283  284  284  284  289  289  291  294  300  291  291  292  283  283  284  284  288  288  290  291  290  290  290  290  290  290  291  292  291  295  296  294  295
     3384 3385 3386 3387 3388 3389 3390 3391 3392 3393 3394 3395 3396 3397 3398 3399 3400 3401 3402 3403 3404 3405 3406 3407 3408 3409 3410 3411 3412 3413 3414 3415 3416 3417 3418 3419 3420 3421
1     282  282  283  284  285  283  283  284  285  286  288  288  288  289  289  283  283  284  285  285  282  283  283  284  286  286  286  292  294  295  295  295  295  295  296  296  296  297
2     283  283  284  285  286  284  284  285  286  287  289  289  289  290  290  284  284  285  286  286  283  284  284  285  287  287  287  293  295  296  296  296  296  296  297  297  297  298
     3422 3423 3424 3425 3426 3427 3428 3429 3430 3431 3432 3433 3434 3435 3436 3437 3438 3439 3440 3441 3442 3443 3444 3445 3446 3447 3448 3449 3450 3451 3452 3453 3454 3455 3456 3457 3458 3459
1     297  301  295  294  294  296  296  296  296  298  286  286  287  287  287  287  287  289  291  291  288  287  288  293  295  296  296  296  297  297  297  297  297  297  298  298  299  299
2     298  302  296  295  295  297  297  297  297  299  287  287  288  288  288  288  288  290  292  292  289  288  289  294  296  297  297  297  298  298  298  298  298  298  299  299  300  300
     3460 3461 3462 3463 3464 3465 3466 3467 3468 3469 3470 3471 3472 3473 3474 3475 3476 3477 3478 3479 3480 3481 3482 3483 3484 3485 3486 3487 3488 3489 3490 3491 3492 3493 3494 3495 3496 3497
1     298  298  298  298  298  298  298  298  299  298  298  297  298  299  299  297  297  299  299  297  298  298  298  301  299  298  298  298  298  297  299  298  297  297  298  298  298  298
2     299  299  299  299  299  299  299  299  300  299  299  298  299  300  300  298  298  300  300  298  299  299  299  302  300  299  299  299  299  298  300  299  298  298  299  299  299  299
     3498 3499 3500 3501 3502 3503 3504 3505 3506 3507 3508 3509 3510 3511 3512 3513 3514 3515 3516 3517 3518 3519 3520 3521 3522 3523 3524 3525 3526 3527 3528 3529 3530 3531 3532 3533 3534 3535
1     299  299  299  301  302  304  306  306  306  306  306  300  302  302  302  302  303  303  303  302  301  299  299  299  299  299  300  300  299  299  299  299  299  298  298  298  298  298
2     300  300  300  302  303  305  307  307  307  307  307  301  303  303  303  303  304  304  304  303  302  300  300  300  300  300  301  301  300  300  300  300  300  299  299  299  299  299
     3536 3537 3538 3539 3540 3541 3542 3543 3544 3545 3546 3547 3548 3549 3550 3551 3552 3553 3554 3555 3556 3557 3558 3559 3560 3561 3562 3563 3564 3565 3566 3567 3568 3569 3570 3571 3572 3573
1     298  298  298  298  298  299  299  299  299  302  300  298  298  298  298  299  299  299  300  299  301  301  301  302  300  303  304  304  304  298  298  298  298  300  301  302  298  299
2     299  299  299  299  299  300  300  300  300  303  301  299  299  299  299  300  300  300  301  300  302  302  302  303  301  304  305  305  305  299  299  299  299  301  302  303  299  300
     3574 3575 3576 3577 3578 3579 3580 3581 3582 3583 3584 3585 3586 3587 3588 3589 3590 3591 3592 3593 3594 3595 3596 3597 3598 3599 3600 3601 3602 3603 3604 3605 3606 3607 3608 3609 3610 3611
1     300  301  301  302  298  298  299  298  298  299  299  301  299  299  301  298  298  298  303  303  303  304  304  304  304  304  304  304  304  304  304  304  304  304  304  304  304  304
2     301  302  302  303  299  299  300  299  299  300  300  302  300  300  302  299  299  299  304  304  304  305  305  305  305  305  305  305  305  305  305  305  305  305  305  305  305  305
     3612 3613 3614 3615 3616 3617 3618 3619 3620 3621 3622 3623 3624 3625 3626 3627 3628 3629 3630 3631 3632 3633 3634 3635 3636 3637 3638 3639 3640 3641 3642 3643 3644 3645 3646 3647 3648 3649
1     304  304  306  304  304  304  304  304  304  304  305  309  309  309  309  309  309  309  309  309  310  310  310  310  310  310  312  310  310  310  311  310  310  310  310  310  310  310
2     305  305  307  305  305  305  305  305  305  305  306  310  310  310  310  310  310  310  310  310  311  311  311  311  311  311  313  311  311  311  312  311  311  311  311  311  311  311
     3650 3651 3652 3653 3654 3655 3656 3657 3658 3659 3660 3661 3662 3663 3664 3665 3666 3667 3668 3669 3670 3671 3672 3673 3674 3675 3676 3677 3678 3679 3680 3681 3682 3683 3684 3685 3686 3687
1     313  311  311  311  312  311  311  310  312  313  313  313  304  304  305  304  304  304  305  304  304  304  304  305  304  304  304  304  304  304  305  305  305  305  305  304  304  305
2     314  312  312  312  313  312  312  311  313  314  314  314  305  305  306  305  305  305  306  305  305  305  305  306  305  305  305  305  305  305  306  306  306  306  306  305  305  306
     3688 3689 3690 3691 3692 3693 3694 3695 3696 3697 3698 3699 3700 3701 3702 3703 3704 3705 3706 3707 3708 3709 3710 3711 3712 3713 3714 3715 3716 3717 3718 3719 3720 3721 3722 3723 3724 3725
1     304  304  306  306  305  305  305  306  306  307  305  307  307  307  308  312  312  312  312  312  312  312  312  312  312  312  312  312  312  313  313  315  313  314  316  313  309  309
2     305  305  307  307  306  306  306  307  307  308  306  308  308  308  309  313  313  313  313  313  313  313  313  313  313  313  313  313  313  314  314  316  314  315  317  314  310  310
     3726 3727 3728 3729 3730 3731 3732 3733 3734 3735 3736 3737 3738 3739 3740 3741 3742 3743 3744 3745 3746 3747 3748 3749 3750 3751 3752 3753 3754 3755 3756 3757 3758 3759 3760 3761 3762 3763
1     309  309  310  310  309  304  305  306  304  306  306  306  307  310  305  304  305  305  305  306  306  305  305  306  307  308  309  310  310  305  305  305  305  305  305  305  306  307
2     310  310  311  311  310  305  306  307  305  307  307  307  308  311  306  305  306  306  306  307  307  306  306  307  308  309  310  311  311  306  306  306  306  306  306  306  307  308
     3764 3765 3766 3767 3768 3769 3770 3771 3772 3773 3774 3775 3776 3777 3778 3779 3780 3781 3782 3783 3784 3785 3786 3787 3788 3789 3790 3791 3792 3793 3794 3795 3796 3797 3798 3799 3800 3801
1     312  304  306  309  309  310  310  305  305  309  303  303  303  303  303  303  303  303  303  303  303  303  303  304  304  305  303  303  304  304  305  305  305  305  306  306  306  306
2     313  305  307  310  310  311  311  306  306  310  304  304  304  304  304  304  304  304  304  304  304  304  304  305  305  306  304  304  305  305  306  306  306  306  307  307  307  307
     3802 3803 3804 3805 3806 3807 3808 3809 3810 3811 3812 3813 3814 3815 3816 3817 3818 3819 3820 3821 3822 3823 3824 3825 3826 3827 3828 3829 3830 3831 3832 3833 3834 3835 3836 3837 3838 3839
1     304  304  304  304  305  306  306  307  309  306  306  307  307  307  309  304  304  304  305  305  305  305  305  305  305  305  306  307  305  305  305  304  304  304  304  304  304  304
2     305  305  305  305  306  307  307  308  310  307  307  308  308  308  310  305  305  305  306  306  306  306  306  306  306  306  307  308  306  306  306  305  305  305  305  305  305  305
     3840 3841 3842 3843 3844 3845 3846 3847 3848 3849 3850 3851 3852 3853 3854 3855 3856 3857 3858 3859 3860 3861 3862 3863 3864 3865 3866 3867 3868 3869 3870 3871 3872 3873 3874 3875 3876 3877
1     304  305  305  304  304  304  305  304  305  304  305  306  305  304  300  303  309  308  308  308  308  308  308  308  308  308  308  308  308  308  308  308  309  310  309  308  308  308
2     305  306  306  305  305  305  306  305  306  305  306  307  306  305  301  304  310  309  309  309  309  309  309  309  309  309  309  309  309  309  309  309  310  311  310  309  309  309
     3878 3879 3880 3881 3882 3883 3884 3885 3886 3887 3888 3889 3890 3891 3892 3893 3894 3895 3896 3897 3898 3899 3900 3901 3902 3903 3904 3905 3906 3907 3908 3909 3910 3911 3912 3913 3914 3915
1     310  308  308  308  308  308  308  309  309  309  308  309  310  308  308  308  308  310  311  311  311  309  309  310  308  298  299  300  301  302  303  304  306  304  303  302  304  302
2     311  309  309  309  309  309  309  310  310  310  309  310  311  309  309  309  309  311  312  312  312  310  310  311  309  299  300  301  302  303  304  305  307  305  304  303  305  303
     3916 3917 3918 3919 3920 3921 3922 3923 3924 3925 3926 3927 3928 3929 3930 3931 3932 3933 3934 3935 3936 3937 3938 3939 3940 3941 3942 3943 3944 3945 3946 3947 3948 3949 3950 3951 3952 3953
1     305  297  296  296  296  296  296  296  296  297  296  297  297  299  297  298  296  296  297  296  297  298  296  297  299  297  297  295  295  295  289  289  289  290  283  285  281  277
2     306  298  297  297  297  297  297  297  297  298  297  298  298  300  298  299  297  297  298  297  298  299  297  298  300  298  298  296  296  296  290  290  290  291  284  286  282  278
     3954 3955 3956 3957 3958 3959 3960 3961 3962 3963 3964 3965 3966 3967 3968 3969 3970 3971 3972 3973 3974 3975 3976 3977 3978 3979 3980 3981 3982 3983 3984 3985 3986 3987 3988 3989 3990 3991
1     277  277  277  277  272  274  273  273  275  278  268  270  270  271  272  273  273  271  270  270  270  270  270  270  270  270  270  272  270  270  272  272  272  271  272  265  261  263
2     278  278  278  278  273  275  274  274  276  279  269  271  271  272  273  274  274  272  271  271  271  271  271  271  271  271  271  273  271  271  273  273  273  272  273  266  262  264
     3992 3993 3994 3995 3996 3997 3998 3999 4000 4001 4002 4003 4004 4005 4006 4007 4008 4009 4010 4011 4012 4013 4014 4015 4016 4017 4018 4019 4020 4021 4022 4023 4024 4025 4026 4027 4028 4029
1     264  267  266  266  266  268  268  268  264  265  258  258  259  260  260  266  267  266  269  269  269  227  227  228  228  225  227  227  227  227  227  227  227  228  228  228  228  228
2     265  268  267  267  267  269  269  269  265  266  259  259  260  261  261  267  268  267  270  270  270  228  228  229  229  226  228  228  228  228  228  228  228  229  229  229  229  229
     4030 4031 4032 4033 4034 4035 4036 4037 4038 4039 4040 4041 4042 4043 4044 4045 4046 4047 4048 4049 4050 4051 4052 4053 4054 4055 4056 4057 4058 4059 4060 4061 4062 4063 4064 4065 4066 4067
1     228  228  228  228  231  231  231  231  232  234  232  232  229  228  228  228  229  229  229  232  229  229  229  229  228  229  228  228  228  228  228  228  228  228  228  228  228  228
2     229  229  229  229  232  232  232  232  233  235  233  233  230  229  229  229  230  230  230  233  230  230  230  230  229  230  229  229  229  229  229  229  229  229  229  229  229  229
     4068 4069 4070 4071 4072 4073 4074 4075 4076 4077 4078 4079 4080 4081 4082 4083 4084 4085 4086 4087 4088 4089 4090 4091 4092 4093 4094 4095 4096 4097 4098 4099 4100 4101 4102 4103 4104 4105
1     228  228  228  228  228  228  228  229  229  229  229  231  228  228  229  228  228  230  232  232  234  228  228  228  228  228  228  228  228  232  232  234  234  234  228  229  229  229
2     229  229  229  229  229  229  229  230  230  230  230  232  229  229  230  229  229  231  233  233  235  229  229  229  229  229  229  229  229  233  233  235  235  235  229  230  230  230
     4106 4107 4108 4109 4110 4111 4112 4113 4114 4115 4116 4117 4118 4119 4120 4121 4122 4123 4124 4125 4126 4127 4128 4129 4130 4131 4132 4133 4134 4135 4136 4137 4138 4139 4140 4141 4142 4143
1     229  230  228  229  229  229  229  230  229  230  228  228  228  229  229  231  239  239  235  235  235  237  237  238  219  225  225  225  225  225  225  225  225  225  225  228  225  227
2     230  231  229  230  230  230  230  231  230  231  229  229  229  230  230  232  240  240  236  236  236  238  238  239  220  226  226  226  226  226  226  226  226  226  226  229  226  228
     4144 4145 4146 4147 4148 4149 4150 4151 4152 4153 4154 4155 4156 4157 4158 4159 4160 4161 4162 4163 4164 4165 4166 4167 4168 4169 4170 4171 4172 4173 4174 4175 4176 4177 4178 4179 4180 4181
1     226  225  226  228  227  227  225  225  225  225  225  225  226  226  227  228  229  218  218  222  215  215  215  215  215  216  215  215  215  215  215  215  216  216  214  215  215  215
2     227  226  227  229  228  228  226  226  226  226  226  226  227  227  228  229  230  219  219  223  216  216  216  216  216  217  216  216  216  216  216  216  217  217  215  216  216  216
     4182 4183 4184 4185 4186 4187 4188 4189 4190 4191 4192 4193 4194 4195 4196 4197 4198 4199 4200 4201 4202 4203 4204 4205 4206 4207 4208 4209 4210 4211 4212 4213 4214 4215 4216 4217 4218 4219
1     217  214  202  203  208  208  208  208  204  204  205  207  207  207  208  207  207  204  206  204  195  196  199  203  203  203  203  204  204  204  204  204  205  198  202  202  202  202
2     218  215  203  204  209  209  209  209  205  205  206  208  208  208  209  208  208  205  207  205  196  197  200  204  204  204  204  205  205  205  205  205  206  199  203  203  203  203
     4220 4221 4222 4223 4224 4225 4226 4227 4228 4229 4230 4231 4232 4233 4234 4235 4236 4237 4238 4239 4240 4241 4242 4243 4244 4245 4246 4247 4248 4249 4250 4251 4252 4253 4254 4255 4256 4257
1     202  202  202  202  202  204  202  202  204  202  202  202  202  203  205  209  193  199  199  200  200  144  148  147  150  131  137  140  126  140  140  140  141   96  106  107  116   62
2     203  203  203  203  203  205  203  203  205  203  203  203  203  204  206  210  194  200  200  201  201  145  149  148  151  132  138  141  127  141  141  141  142   97  107  108  117   63
     4258 4259 4260 4261 4262 4263 4264 4265 4266 4267 4268 4269 4270 4271 4272 4273 4274 4275 4276 4277 4278 4279 4280 4281 4282 4283 4284 4285 4286 4287 4288 4289 4290 4291 4292 4293 4294 4295
1      63   53   43   54   39   39   40   42   42   42   41   39   40   41   41   21   24   25    7    8    8   15   30    5    6    5    6    6    8    6    6    6    7    7    5    5    5    5
2      64   54   44   55   40   40   41   43   43   43   42   40   41   42   42   22   25   26    8    9    9   16   31    6    7    6    7    7    9    7    7    7    8    8    6    6    6    6
     4296
1       5
2       6
 [ reached getOption("max.print") -- omitted 4294 rows ]
