    [1]   7   4   7   6  10   7  15  16  15  15   6   6   9  66  68  67  69  75  74  74  76  76  73  74  74  87  85  89  88  89  91  89  93 101 106 105 104 105 122 123 128 127 130 128 128 126 121
   [48] 129 130 130 133 138 139 140 138 142 141 147 144 162 156 156 158 174 170 169 168 168 180 177 181 179 177 176 179 181 177 178 178 178 176 176 173 174 174 174 174 174 175 174 175 175 176 175
   [95] 177 174 174 173 172 173 173 173 173 175 172 173 173 179 179 179 179 181 178 178 178 178 177 179 180 181 180 180 188 181 183 177 177 177 176 178 177 176 176 175 176 176 180 181 183 181 177
  [142] 178 179 178 178 179 179 181 183 196 190 191 191 191 191 191 190 192 190 193 191 193 192 190 190 190 189 190 191 191 191 191 190 180 180 174 175 190 193 190 189 188 188 189 191 187 188 188
  [189] 188 189 189 192 193 191 192 194 190 191 193 194 196 191 192 193 192 193 192 191 189 195 197 194 206 207 206 207 211 216 216 218 217 219 216 215 219 215 217 216 216 216 216 216 217 218 218
  [236] 219 218 217 217 216 216 216 216 216 215 217 218 217 215 220 220 224 216 222 219 215 215 220 221 221 223 220 220 221 221 219 221 222 223 224 223 224 225 223 226 223 225 220 219 223 225 218
  [283] 221 218 219 220 218 220 227 228 227 227 226 227 227 228 230 228 226 226 227 228 227 227 226 227 226 226 226 226 226 226 227 227 225 227 228 228 227 231 229 230 226 227 227 226 227 230 228
  [330] 232 232 238 239 247 240 240 247 246 244 246 245 244 245 244 244 243 244 247 245 247 244 247 245 247 250 245 245 246 247 246 246 250 249 247 245 244 245 244 245 247 244 246 259 254 249 248
  [377] 248 247 249 246 248 245 246 248 255 255 250 252 253 250 253 249 244 247 246 246 248 247 247 247 247 249 247 247 247 246 246 246 246 246 246 246 247 245 245 246 248 247 246 246 247 247 248
  [424] 246 249 246 244 247 249 248 247 246 243 249 244 245 243 245 244 246 243 247 246 247 245 246 245 241 241 241 241 242 245 241 242 244 244 245 244 248 248 244 245 244 243 243 243 241 242 243
  [471] 241 243 244 243 244 243 241 241 240 242 243 242 243 243 243 243 244 242 243 245 241 242 247 246 245 246 244 244 245 245 245 251 246 248 244 243 242 244 248 246 246 245 243 243 243 241 242
  [518] 244 249 249 255 253 249 229 236 237 237 237 238 241 239 239 239 239 240 238 239 238 238 237 236 236 237 237 237 237 240 239 236 237 236 236 236 236 236 237 236 237 236 236 236 236 236 236
  [565] 235 239 236 236 236 237 237 236 236 236 239 237 244 234 237 237 236 229 228 229 233 237 234 234 242 234 234 236 234 238 241 232 234 243 247 248 240 241 242 241 241 241 241 241 241 242 233
  [612] 237 237 248 248 248 246 250 250 251 251 250 251 250 249 249 249 252 247 254 253 249 249 250 250 258 261 261 259 258 259 259 258 258 263 264 262 264 265 263 262 263 262 261 269 266 267 267
  [659] 279 268 267 265 265 264 264 265 264 262 265 264 262 270 270 272 271 274 272 271 274 272 271 270 270 272 272 273 270 270 270 270 272 270 269 270 271 274 271 270 270 269 269 269 270 270 270
  [706] 270 269 270 271 272 270 271 270 269 268 269 273 269 269 268 267 271 269 273 269 270 266 266 268 269 269 270 270 271 264 265 266 266 266 267 270 268 267 268 266 266 266 270 269 268 267 266
  [753] 266 266 266 266 266 267 266 266 266 266 265 267 266 267 266 266 268 266 267 268 268 267 267 268 268 268 269 266 268 266 267 264 263 266 268 262 266 268 267 266 266 268 266 265 267 268 269
  [800] 271 269 268 267 266 268 267 265 264 269 270 270 271 268 267 268 269 268 269 267 267 268 265 266 264 264 264 264 264 263 266 267 267 267 267 267 268 269 267 268 269 266 265 265 265 271 270
  [847] 269 267 271 270 266 267 270 265 268 271 273 272 274 270 272 271 269 272 270 271 272 276 279 279 272 275 274 280 273 273 269 273 272 282 276 279 278 276 281 279 277 275 275 278 281 281 279
  [894] 278 277 275 277 276 277 275 274 275 275 274 273 281 282 278 275 278 279 279 279 283 279 279 279 280 278 280 278 280 285 282 277 281 282 279 277 277 276 277 277 278 277 277 277 277 278 278
  [941] 279 275 278 276 275 274 276 276 277 279 276 275 277 277 276 277 279 276 276 276 276 276 276 276 276 276 277 278 276 275 277 274 275 275 275 276 275 276 277 277 276 276 277 279 275 282 277
  [988] 282 280 275 276 276 275 276 277 275 276 275 275 275 275 275 275 275 276 276 275 277 282 275 278 279 278 277 282 282 282 282 282 283 282 282 282 283 283 281 281 282 282 281 281 281 282 280
 [1035] 282 282 282 285 284 281 282 284 284 284 285 283 284 282 282 281 283 282 286 283 282 283 279 283 282 281 279 278 279 279 279 282 279 280 281 281 280 288 283 291 291 289 290 292 291 279 288
 [1082] 287 286 287 282 283 283 283 284 285 285 286 293 285 286 286 285 286 285 285 283 284 283 283 283 282 284 288 284 284 285 285 284 286 287 285 285 284 288 284 286 284 283 283 287 288 284 287
 [1129] 284 283 284 283 283 288 294 295 300 299 293 291 291 290 284 284 286 285 287 287 287 290 290 294 290 291 296 292 293 291 294 296 298 292 297 296 299 284 288 286 288 288 288 289 290 285 290
 [1176] 289 290 289 289 290 288 286 286 286 285 284 287 295 298 297 301 300 299 301 301 301 297 295 297 297 301 298 299 300 299 305 296 297 296 288 289 288 287 286 295 292 291 292 289 289 287 288
 [1223] 298 299 300 303 299 298 298 298 299 300 300 299 300 299 298 299 300 299 302 299 304 299 300 299 299 299 297 301 302 300 299 298 299 301 299 300 300 300 301 299 298 302 302 308 307 307 306
 [1270] 306 307 304 303 303 303 304 303 304 303 303 305 302 301 299 302 300 301 300 300 300 300 303 300 300 301 300 301 301 300 298 299 299 299 302 303 300 300 300 299 299 302 300 303 300 302 302
 [1317] 302 306 301 303 301 309 305 305 306 306 305 301 300 300 300 301 303 302 301 299 300 299 303 302 302 301 300 298 298 299 299 300 299 301 302 301 299 300 301 301 302 301 304 307 299 304 306
 [1364] 307 305 306 305 306 304 305 311 315 310 316 311 316 314 310 311 309 312 313 311 311 311 311 314 312 312 311 311 311 311 310 311 314 318 312 312 314 311 312 312 312 314 314 313 315 317 314
 [1411] 307 306 304 304 307 305 322 305 305 305 305 307 304 305 305 305 304 306 305 305 305 304 304 308 305 305 305 305 306 304 307 307 306 306 305 305 307 305 306 305 305 308 306 307 308 311 306
 [1458] 309 306 309 305 310 312 312 313 315 314 316 314 312 313 313 314 319 318 316 315 318 317 317 316 314 314 315 308 314 312 310 309 312 310 310 310 312 306 309 312 305 306 308 309 311 311 313
 [1505] 307 315 306 306 305 305 307 307 306 308 309 313 313 316 316 313 305 310 307 305 305 305 307 312 311 307 316 313 309 310 311 313 315 313 309 312 308 316 303 306 305 305 305 305 304 304 305
 [1552] 308 304 304 304 304 304 304 304 306 306 305 311 306 307 306 307 307 307 303 310 309 310 306 307 309 308 309 309 310 309 307 307 305 305 306 306 307 307 306 309 309 307 311 306 307 306 306
 [1599] 306 306 305 305 306 305 305 304 304 305 305 308 308 308 305 308 309 307 307 307 306 308 306 306 305 304 316 314 308 310 311 310 311 310 310 311 314 310 310 310 310 310 309 310 309 311 309
 [1646] 309 310 313 309 312 311 310 311 309 309 310 309 308 308 308 309 309 309 311 311 312 312 312 309 310 310 314 310 308 301 303 300 301 302 305 307 308 309 307 304 306 305 304 307 307 304 297
 [1693] 299 297 301 297 299 297 299 300 299 305 303 304 297 299 297 297 296 296 299 298 300 299 299 303 299 299 299 301 298 306 299 301 299 289 290 292 291 290 287 287 287 287 284 281 284 274 279
 [1740] 277 278 278 277 278 279 275 274 277 281 272 276 279 280 276 281 276 276 274 277 275 278 271 278 272 273 272 273 274 273 273 270 270 272 272 276 273 277 272 272 275 268 276 266 265 264 266
 [1787] 267 270 267 267 270 270 270 271 268 261 268 268 265 268 261 262 260 263 268 268 266 266 269 271 272 270 260 262 248 246 232 228 229 229 228 228 228 230 228 227 227 231 233 228 229 229 234
 [1834] 235 234 234 232 231 232 233 232 229 230 229 229 229 229 230 230 232 232 230 230 231 230 229 229 230 230 231 231 233 229 229 229 230 231 230 231 232 230 231 231 230 231 232 233 235 235 230
 [1881] 230 229 229 229 229 229 229 229 229 229 229 229 229 229 229 235 235 234 235 233 234 228 236 233 231 230 231 229 233 230 231 229 229 232 231 231 231 231 230 229 232 231 229 231 231 230 232
 [1928] 239 240 240 237 238 237 238 239 237 238 231 230 224 226 228 230 230 227 228 227 229 228 229 229 228 233 228 228 226 226 226 225 226 228 228 226 227 227 226 227 227 230 230 231 228 220 220
 [1975] 218 226 225 215 217 216 217 217 218 217 216 216 216 216 216 217 216 215 217 219 217 216 217 217 216 215 211 203 204 209 209 208 209 209 207 208 212 208 208 207 208 208 206 206 210 208 204
 [2022] 205 200 205 204 205 205 205 206 206 203 205 207 208 201 198 204 203 206 203 205 204 204 204 204 206 208 205 203 203 204 202 202 203 209 209 211 204 201 201 201 201 202 206 149 155 155 154
 [2069] 153 153 137 142 140 140 143 129 129 140 141 141 142 141 119 108 108 117 126 106  64  63  66  59  56  50  48  51  56  62  50  43  43  46  40  42  41  42  43  41  43  42  41  36  24  33  25
 [2116]  24  24  11  10   9   9  27  33  39   8  15  18   6   7   5   4   4   8   9   8   6   7   7   8   8   7   5   7   7   6   6   5   8   5   5   5   4   4   4   4   3   3   3   3   3   3   5
 [2163]   6   6   6  13  14  15   5   4   5   9  20  31  39  39  41  42  47  52  56  57  62  66  67  64  70  70  73  73  73  73  73  78  81  82  83  86  86  87  85  95  97  98 104 104 104 117 117
 [2210] 119 119 120 123 125 126 126 126 119 122 125 126 127 129 126 129 133 134 135 137 137 138 138 139 143 145 153 155 156 156 157 157 165 168 169 169 170 172 173 175 177 173 174 175 171 177 177
 [2257] 177 174 171 173 173 173 173 173 173 173 174 173 173 174 174 171 171 171 171 172 172 172 173 172 172 172 172 171 171 172 175 175 177 177 177 178 178 178 179 177 177 177 177 177 179 179 177
 [2304] 179 179 175 175 175 175 175 175 176 176 175 176 175 175 177 177 178 179 177 177 177 177 177 177 185 189 189 189 189 189 189 189 189 189 189 189 189 190 190 190 190 190 189 189 189 189 190
 [2351] 176 172 174 181 182 183 187 184 185 187 187 187 187 187 187 187 187 186 187 187 189 192 190 190 191 191 190 190 193 191 191 191 191 191 189 192 192 193 193 193 194 195 201 202 202 203 205
 [2398] 203 205 205 213 213 213 213 213 214 214 215 215 215 215 215 215 214 213 214 215 215 215 215 215 215 215 215 215 215 215 217 217 217 216 215 215 216 217 218 219 213 214 215 215 215 215 215
 [2445] 215 216 216 217 219 219 220 220 221 220 220 216 220 222 222 222 221 223 223 222 223 215 217 217 217 219 217 217 217 217 218 217 218 220 221 222 223 224 225 225 225 225 225 225 225 225 225
 [2492] 225 225 225 225 225 225 225 226 226 227 228 226 226 226 225 226 225 225 225 225 225 225 226 227 227 228 229 225 225 225 225 226 226 226 225 226 232 236 238 238 238 238 239 239 241 243 243
 [2539] 243 243 243 243 243 243 243 243 246 243 244 243 244 243 243 244 244 244 245 244 244 246 243 245 245 245 245 246 246 246 243 243 243 241 243 246 250 247 247 247 247 244 245 245 245 245 245
 [2586] 246 254 246 247 248 249 251 242 242 242 242 244 244 244 245 245 245 245 245 245 245 245 245 245 246 245 246 245 245 245 247 245 245 246 245 245 245 246 245 246 247 245 245 244 246 245 246
 [2633] 247 247 243 243 244 242 242 242 244 244 244 246 244 240 240 240 240 240 240 240 240 240 240 240 240 240 240 240 241 241 241 243 241 241 241 244 244 244 242 244 240 240 240 241 241 242 243
 [2680] 240 240 241 241 241 242 242 241 241 241 241 242 242 241 240 242 245 245 244 244 244 244 244 244 244 243 240 241 245 245 245 240 241 241 241 241 243 248 251 226 227 227 227 229 235 235 235
 [2727] 235 235 236 236 236 236 237 237 237 237 237 238 239 237 238 235 235 235 235 235 235 235 235 235 235 235 235 235 235 235 235 235 236 235 235 236 235 235 236 235 235 235 235 236 235 236 235
 [2774] 237 227 234 234 234 228 229 230 231 232 232 232 232 232 233 234 232 232 232 233 232 232 239 240 240 240 240 241 240 240 240 240 240 240 233 237 240 243 246 244 245 245 245 247 249 246 245
 [2821] 246 247 247 247 247 250 247 247 247 248 248 249 249 257 257 257 257 257 257 257 257 257 257 258 259 259 259 261 261 261 261 261 261 261 261 261 261 261 261 262 261 264 265 266 266 266 266
 [2868] 267 262 263 264 261 264 262 262 262 262 263 264 265 266 268 269 269 269 269 269 269 270 270 270 270 270 271 272 269 269 269 269 270 270 269 269 269 269 269 269 270 270 267 267 268 268 268
 [2915] 269 269 269 269 269 269 270 270 267 267 267 267 268 267 267 268 267 268 269 264 268 268 268 269 269 262 262 263 263 265 265 265 265 265 265 265 265 265 265 265 265 265 265 265 265 265 266
 [2962] 266 266 266 265 266 267 268 265 265 265 265 265 265 265 266 266 265 265 265 266 266 266 267 267 267 267 266 266 266 264 263 263 265 265 265 265 265 266 264 263 263 267 268 268 267 267 264
 [3009] 264 264 264 264 266 267 267 267 267 268 268 269 267 267 266 266 263 263 263 263 264 263 263 263 265 266 266 266 266 266 266 267 265 265 267 266 263 259 260 261 262 266 266 266 266 267 261
 [3056] 261 261 262 263 261 262 263 267 268 268 268 268 271 271 271 268 269 268 269 269 270 270 270 270 271 273 278 270 270 272 273 270 270 270 272 272 272 273 273 273 273 273 274 275 276 276 277
 [3103] 273 273 273 273 273 274 274 274 274 274 277 278 278 278 274 276 273 274 273 273 274 275 275 277 274 274 277 277 278 277 277 278 278 278 278 278 278 279 278 278 278 278 275 279 274 274 274
 [3150] 275 276 276 276 276 276 276 276 276 277 274 273 273 274 275 275 275 275 275 276 275 275 275 275 275 275 275 275 275 275 276 275 275 275 275 275 275 276 274 274 274 274 274 274 274 274 274
 [3197] 274 274 274 274 275 275 275 275 275 276 276 276 274 274 274 275 274 275 275 275 275 274 274 274 274 274 274 274 274 275 274 276 273 273 276 276 276 278 278 279 280 280 280 280 280 280 280
 [3244] 280 280 280 280 280 280 280 280 280 280 280 280 282 280 281 280 280 280 280 281 281 280 281 282 283 283 283 283 281 281 281 281 281 282 278 278 280 281 278 278 278 278 278 277 279 277 279
 [3291] 284 288 288 290 274 281 282 282 282 282 282 282 282 282 282 283 284 286 282 282 282 282 282 282 282 282 283 284 284 284 284 284 282 282 285 282 282 282 282 283 282 284 285 282 282 283 283
 [3338] 284 282 282 283 283 284 283 282 283 284 285 284 282 283 283 283 288 288 290 293 299 290 290 291 282 282 283 283 287 287 289 290 289 289 289 289 289 289 290 291 290 294 295 293 294 282 282
 [3385] 283 284 285 283 283 284 285 286 288 288 288 289 289 283 283 284 285 285 282 283 283 284 286 286 286 292 294 295 295 295 295 295 296 296 296 297 297 301 295 294 294 296 296 296 296 298 286
 [3432] 286 287 287 287 287 287 289 291 291 288 287 288 293 295 296 296 296 297 297 297 297 297 297 298 298 299 299 298 298 298 298 298 298 298 298 299 298 298 297 298 299 299 297 297 299 299 297
 [3479] 298 298 298 301 299 298 298 298 298 297 299 298 297 297 298 298 298 298 299 299 299 301 302 304 306 306 306 306 306 300 302 302 302 302 303 303 303 302 301 299 299 299 299 299 300 300 299
 [3526] 299 299 299 299 298 298 298 298 298 298 298 298 298 298 299 299 299 299 302 300 298 298 298 298 299 299 299 300 299 301 301 301 302 300 303 304 304 304 298 298 298 298 300 301 302 298 299
 [3573] 300 301 301 302 298 298 299 298 298 299 299 301 299 299 301 298 298 298 303 303 303 304 304 304 304 304 304 304 304 304 304 304 304 304 304 304 304 304 304 304 306 304 304 304 304 304 304
 [3620] 304 305 309 309 309 309 309 309 309 309 309 310 310 310 310 310 310 312 310 310 310 311 310 310 310 310 310 310 310 313 311 311 311 312 311 311 310 312 313 313 313 304 304 305 304 304 304
 [3667] 305 304 304 304 304 305 304 304 304 304 304 304 305 305 305 305 305 304 304 305 304 304 306 306 305 305 305 306 306 307 305 307 307 307 308 312 312 312 312 312 312 312 312 312 312 312 312
 [3714] 312 312 313 313 315 313 314 316 313 309 309 309 309 310 310 309 304 305 306 304 306 306 306 307 310 305 304 305 305 305 306 306 305 305 306 307 308 309 310 310 305 305 305 305 305 305 305
 [3761] 306 307 312 304 306 309 309 310 310 305 305 309 303 303 303 303 303 303 303 303 303 303 303 303 303 304 304 305 303 303 304 304 305 305 305 305 306 306 306 306 304 304 304 304 305 306 306
 [3808] 307 309 306 306 307 307 307 309 304 304 304 305 305 305 305 305 305 305 305 306 307 305 305 305 304 304 304 304 304 304 304 304 305 305 304 304 304 305 304 305 304 305 306 305 304 300 303
 [3855] 309 308 308 308 308 308 308 308 308 308 308 308 308 308 308 308 309 310 309 308 308 308 310 308 308 308 308 308 308 309 309 309 308 309 310 308 308 308 308 310 311 311 311 309 309 310 308
 [3902] 298 299 300 301 302 303 304 306 304 303 302 304 302 305 297 296 296 296 296 296 296 296 297 296 297 297 299 297 298 296 296 297 296 297 298 296 297 299 297 297 295 295 295 289 289 289 290
 [3949] 283 285 281 277 277 277 277 277 272 274 273 273 275 278 268 270 270 271 272 273 273 271 270 270 270 270 270 270 270 270 270 272 270 270 272 272 272 271 272 265 261 263 264 267 266 266 266
 [3996] 268 268 268 264 265 258 258 259 260 260 266 267 266 269 269 269 227 227 228 228 225 227 227 227 227 227 227 227 228 228 228 228 228 228 228 228 228 231 231 231 231 232 234 232 232 229 228
 [4043] 228 228 229 229 229 232 229 229 229 229 228 229 228 228 228 228 228 228 228 228 228 228 228 228 228 228 228 228 228 228 228 229 229 229 229 231 228 228 229 228 228 230 232 232 234 228 228
 [4090] 228 228 228 228 228 228 232 232 234 234 234 228 229 229 229 229 230 228 229 229 229 229 230 229 230 228 228 228 229 229 231 239 239 235 235 235 237 237 238 219 225 225 225 225 225 225 225
 [4137] 225 225 225 228 225 227 226 225 226 228 227 227 225 225 225 225 225 225 226 226 227 228 229 218 218 222 215 215 215 215 215 216 215 215 215 215 215 215 216 216 214 215 215 215 217 214 202
 [4184] 203 208 208 208 208 204 204 205 207 207 207 208 207 207 204 206 204 195 196 199 203 203 203 203 204 204 204 204 204 205 198 202 202 202 202 202 202 202 202 202 204 202 202 204 202 202 202
 [4231] 202 203 205 209 193 199 199 200 200 144 148 147 150 131 137 140 126 140 140 140 141  96 106 107 116  62  63  53  43  54  39  39  40  42  42  42  41  39  40  41  41  21  24  25   7   8   8
 [4278]  15  30   5   6   5   6   6   8   6   6   6   7   7   5   5   5   5   5   5   8   7  11   8  16  17  16  16   7   7  10  67  69  68  70  76  75  75  77  77  74  75  75  88  86  90  89  90
 [4325]  92  90  94 102 107 106 105 106 123 124 129 128 131 129 129 127 122 130 131 131 134 139 140 141 139 143 142 148 145 163 157 157 159 175 171 170 169 169 181 178 182 180 178 177 180 182 178
 [4372] 179 179 179 177 177 174 175 175 175 175 175 176 175 176 176 177 176 178 175 175 174 173 174 174 174 174 176 173 174 174 180 180 180 180 182 179 179 179 179 178 180 181 182 181 181 189 182
 [4419] 184 178 178 178 177 179 178 177 177 176 177 177 181 182 184 182 178 179 180 179 179 180 180 182 184 197 191 192 192 192 192 192 191 193 191 194 192 194 193 191 191 191 190 191 192 192 192
 [4466] 192 191 181 181 175 176 191 194 191 190 189 189 190 192 188 189 189 189 190 190 193 194 192 193 195 191 192 194 195 197 192 193 194 193 194 193 192 190 196 198 195 207 208 207 208 212 217
 [4513] 217 219 218 220 217 216 220 216 218 217 217 217 217 217 218 219 219 220 219 218 218 217 217 217 217 217 216 218 219 218 216 221 221 225 217 223 220 216 216 221 222 222 224 221 221 222 222
 [4560] 220 222 223 224 225 224 225 226 224 227 224 226 221 220 224 226 219 222 219 220 221 219 221 228 229 228 228 227 228 228 229 231 229 227 227 228 229 228 228 227 228 227 227 227 227 227 227
 [4607] 228 228 226 228 229 229 228 232 230 231 227 228 228 227 228 231 229 233 233 239 240 248 241 241 248 247 245 247 246 245 246 245 245 244 245 248 246 248 245 248 246 248 251 246 246 247 248
 [4654] 247 247 251 250 248 246 245 246 245 246 248 245 247 260 255 250 249 249 248 250 247 249 246 247 249 256 256 251 253 254 251 254 250 245 248 247 247 249 248 248 248 248 250 248 248 248 247
 [4701] 247 247 247 247 247 247 248 246 246 247 249 248 247 247 248 248 249 247 250 247 245 248 250 249 248 247 244 250 245 246 244 246 245 247 244 248 247 248 246 247 246 242 242 242 242 243 246
 [4748] 242 243 245 245 246 245 249 249 245 246 245 244 244 244 242 243 244 242 244 245 244 245 244 242 242 241 243 244 243 244 244 244 244 245 243 244 246 242 243 248 247 246 247 245 245 246 246
 [4795] 246 252 247 249 245 244 243 245 249 247 247 246 244 244 244 242 243 245 250 250 256 254 250 230 237 238 238 238 239 242 240 240 240 240 241 239 240 239 239 238 237 237 238 238 238 238 241
 [4842] 240 237 238 237 237 237 237 237 238 237 238 237 237 237 237 237 237 236 240 237 237 237 238 238 237 237 237 240 238 245 235 238 238 237 230 229 230 234 238 235 235 243 235 235 237 235 239
 [4889] 242 233 235 244 248 249 241 242 243 242 242 242 242 242 242 243 234 238 238 249 249 249 247 251 251 252 252 251 252 251 250 250 250 253 248 255 254 250 250 251 251 259 262 262 260 259 260
 [4936] 260 259 259 264 265 263 265 266 264 263 264 263 262 270 267 268 268 280 269 268 266 266 265 265 266 265 263 266 265 263 271 271 273 272 275 273 272 275 273 272 271 271 273 273 274 271 271
 [4983] 271 271 273 271 270 271 272 275 272 271 271 270 270 270 271 271 271 271 270 271 272 273 271 272 271 270 269 270 274 270 270 269 268 272 270 274 270 271 267 267 269 270 270 271 271 272 265
 [5030] 266 267 267 267 268 271 269 268 269 267 267 267 271 270 269 268 267 267 267 267 267 267 268 267 267 267 267 266 268 267 268 267 267 269 267 268 269 269 268 268 269 269 269 270 267 269 267
 [5077] 268 265 264 267 269 263 267 269 268 267 267 269 267 266 268 269 270 272 270 269 268 267 269 268 266 265 270 271 271 272 269 268 269 270 269 270 268 268 269 266 267 265 265 265 265 265 264
 [5124] 267 268 268 268 268 268 269 270 268 269 270 267 266 266 266 272 271 270 268 272 271 267 268 271 266 269 272 274 273 275 271 273 272 270 273 271 272 273 277 280 280 273 276 275 281 274 274
 [5171] 270 274 273 283 277 280 279 277 282 280 278 276 276 279 282 282 280 279 278 276 278 277 278 276 275 276 276 275 274 282 283 279 276 279 280 280 280 284 280 280 280 281 279 281 279 281 286
 [5218] 283 278 282 283 280 278 278 277 278 278 279 278 278 278 278 279 279 280 276 279 277 276 275 277 277 278 280 277 276 278 278 277 278 280 277 277 277 277 277 277 277 277 277 278 279 277 276
 [5265] 278 275 276 276 276 277 276 277 278 278 277 277 278 280 276 283 278 283 281 276 277 277 276 277 278 276 277 276 276 276 276 276 276 276 277 277 276 278 283 276 279 280 279 278 283 283 283
 [5312] 283 283 284 283 283 283 284 284 282 282 283 283 282 282 282 283 281 283 283 283 286 285 282 283 285 285 285 286 284 285 283 283 282 284 283 287 284 283 284 280 284 283 282 280 279 280 280
 [5359] 280 283 280 281 282 282 281 289 284 292 292 290 291 293 292 280 289 288 287 288 283 284 284 284 285 286 286 287 294 286 287 287 286 287 286 286 284 285 284 284 284 283 285 289 285 285 286
 [5406] 286 285 287 288 286 286 285 289 285 287 285 284 284 288 289 285 288 285 284 285 284 284 289 295 296 301 300 294 292 292 291 285 285 287 286 288 288 288 291 291 295 291 292 297 293 294 292
 [5453] 295 297 299 293 298 297 300 285 289 287 289 289 289 290 291 286 291 290 291 290 290 291 289 287 287 287 286 285 288 296 299 298 302 301 300 302 302 302 298 296 298 298 302 299 300 301 300
 [5500] 306 297 298 297 289 290 289 288 287 296 293 292 293 290 290 288 289 299 300 301 304 300 299 299 299 300 301 301 300 301 300 299 300 301 300 303 300 305 300 301 300 300 300 298 302 303 301
 [5547] 300 299 300 302 300 301 301 301 302 300 299 303 303 309 308 308 307 307 308 305 304 304 304 305 304 305 304 304 306 303 302 300 303 301 302 301 301 301 301 304 301 301 302 301 302 302 301
 [5594] 299 300 300 300 303 304 301 301 301 300 300 303 301 304 301 303 303 303 307 302 304 302 310 306 306 307 307 306 302 301 301 301 302 304 303 302 300 301 300 304 303 303 302 301 299 299 300
 [5641] 300 301 300 302 303 302 300 301 302 302 303 302 305 308 300 305 307 308 306 307 306 307 305 306 312 316 311 317 312 317 315 311 312 310 313 314 312 312 312 312 315 313 313 312 312 312 312
 [5688] 311 312 315 319 313 313 315 312 313 313 313 315 315 314 316 318 315 308 307 305 305 308 306 323 306 306 306 306 308 305 306 306 306 305 307 306 306 306 305 305 309 306 306 306 306 307 305
 [5735] 308 308 307 307 306 306 308 306 307 306 306 309 307 308 309 312 307 310 307 310 306 311 313 313 314 316 315 317 315 313 314 314 315 320 319 317 316 319 318 318 317 315 315 316 309 315 313
 [5782] 311 310 313 311 311 311 313 307 310 313 306 307 309 310 312 312 314 308 316 307 307 306 306 308 308 307 309 310 314 314 317 317 314 306 311 308 306 306 306 308 313 312 308 317 314 310 311
 [5829] 312 314 316 314 310 313 309 317 304 307 306 306 306 306 305 305 306 309 305 305 305 305 305 305 305 307 307 306 312 307 308 307 308 308 308 304 311 310 311 307 308 310 309 310 310 311 310
 [5876] 308 308 306 306 307 307 308 308 307 310 310 308 312 307 308 307 307 307 307 306 306 307 306 306 305 305 306 306 309 309 309 306 309 310 308 308 308 307 309 307 307 306 305 317 315 309 311
 [5923] 312 311 312 311 311 312 315 311 311 311 311 311 310 311 310 312 310 310 311 314 310 313 312 311 312 310 310 311 310 309 309 309 310 310 310 312 312 313 313 313 310 311 311 315 311 309 302
 [5970] 304 301 302 303 306 308 309 310 308 305 307 306 305 308 308 305 298 300 298 302 298 300 298 300 301 300 306 304 305 298 300 298 298 297 297 300 299 301 300 300 304 300 300 300 302 299 307
 [6017] 300 302 300 290 291 293 292 291 288 288 288 288 285 282 285 275 280 278 279 279 278 279 280 276 275 278 282 273 277 280 281 277 282 277 277 275 278 276 279 272 279 273 274 273 274 275 274
 [6064] 274 271 271 273 273 277 274 278 273 273 276 269 277 267 266 265 267 268 271 268 268 271 271 271 272 269 262 269 269 266 269 262 263 261 264 269 269 267 267 270 272 273 271 261 263 249 247
 [6111] 233 229 230 230 229 229 229 231 229 228 228 232 234 229 230 230 235 236 235 235 233 232 233 234 233 230 231 230 230 230 230 231 231 233 233 231 231 232 231 230 230 231 231 232 232 234 230
 [6158] 230 230 231 232 231 232 233 231 232 232 231 232 233 234 236 236 231 231 230 230 230 230 230 230 230 230 230 230 230 230 230 230 236 236 235 236 234 235 229 237 234 232 231 232 230 234 231
 [6205] 232 230 230 233 232 232 232 232 231 230 233 232 230 232 232 231 233 240 241 241 238 239 238 239 240 238 239 232 231 225 227 229 231 231 228 229 228 230 229 230 230 229 234 229 229 227 227
 [6252] 227 226 227 229 229 227 228 228 227 228 228 231 231 232 229 221 221 219 227 226 216 218 217 218 218 219 218 217 217 217 217 217 218 217 216 218 220 218 217 218 218 217 216 212 204 205 210
 [6299] 210 209 210 210 208 209 213 209 209 208 209 209 207 207 211 209 205 206 201 206 205 206 206 206 207 207 204 206 208 209 202 199 205 204 207 204 206 205 205 205 205 207 209 206 204 204 205
 [6346] 203 203 204 210 210 212 205 202 202 202 202 203 207 150 156 156 155 154 154 138 143 141 141 144 130 130 141 142 142 143 142 120 109 109 118 127 107  65  64  67  60  57  51  49  52  57  63
 [6393]  51  44  44  47  41  43  42  43  44  42  44  43  42  37  25  34  26  25  25  12  11  10  10  28  34  40   9  16  19   7   8   6   5   5   9  10   9   7   8   8   9   9   8   6   8   8   7
 [6440]   7   6   9   6   6   6   5   5   5   5   4   4   4   4   4   4   6   7   7   7  14  15  16   6   5   6  10  21  32  40  40  42  43  48  53  57  58  63  67  68  65  71  71  74  74  74  74
 [6487]  74  79  82  83  84  87  87  88  86  96  98  99 105 105 105 118 118 120 120 121 124 126 127 127 127 120 123 126 127 128 130 127 130 134 135 136 138 138 139 139 140 144 146 154 156 157 157
 [6534] 158 158 166 169 170 170 171 173 174 176 178 174 175 176 172 178 178 178 175 172 174 174 174 174 174 174 174 175 174 174 175 175 172 172 172 172 173 173 173 174 173 173 173 173 172 172 173
 [6581] 176 176 178 178 178 179 179 179 180 178 178 178 178 178 180 180 178 180 180 176 176 176 176 176 176 177 177 176 177 176 176 178 178 179 180 178 178 178 178 178 178 186 190 190 190 190 190
 [6628] 190 190 190 190 190 190 190 191 191 191 191 191 190 190 190 190 191 177 173 175 182 183 184 188 185 186 188 188 188 188 188 188 188 188 187 188 188 190 193 191 191 192 192 191 191 194 192
 [6675] 192 192 192 192 190 193 193 194 194 194 195 196 202 203 203 204 206 204 206 206 214 214 214 214 214 215 215 216 216 216 216 216 216 215 214 215 216 216 216 216 216 216 216 216 216 216 216
 [6722] 218 218 218 217 216 216 217 218 219 220 214 215 216 216 216 216 216 216 217 217 218 220 220 221 221 222 221 221 217 221 223 223 223 222 224 224 223 224 216 218 218 218 220 218 218 218 218
 [6769] 219 218 219 221 222 223 224 225 226 226 226 226 226 226 226 226 226 226 226 226 226 226 226 226 227 227 228 229 227 227 227 226 227 226 226 226 226 226 226 227 228 228 229 230 226 226 226
 [6816] 226 227 227 227 226 227 233 237 239 239 239 239 240 240 242 244 244 244 244 244 244 244 244 244 244 247 244 245 244 245 244 244 245 245 245 246 245 245 247 244 246 246 246 246 247 247 247
 [6863] 244 244 244 242 244 247 251 248 248 248 248 245 246 246 246 246 246 247 255 247 248 249 250 252 243 243 243 243 245 245 245 246 246 246 246 246 246 246 246 246 246 247 246 247 246 246 246
 [6910] 248 246 246 247 246 246 246 247 246 247 248 246 246 245 247 246 247 248 248 244 244 245 243 243 243 245 245 245 247 245 241 241 241 241 241 241 241 241 241 241 241 241 241 241 241 242 242
 [6957] 242 244 242 242 242 245 245 245 243 245 241 241 241 242 242 243 244 241 241 242 242 242 243 243 242 242 242 242 243 243 242 241 243 246 246 245 245 245 245 245 245 245 244 241 242 246 246
 [7004] 246 241 242 242 242 242 244 249 252 227 228 228 228 230 236 236 236 236 236 237 237 237 237 238 238 238 238 238 239 240 238 239 236 236 236 236 236 236 236 236 236 236 236 236 236 236 236
 [7051] 236 236 237 236 236 237 236 236 237 236 236 236 236 237 236 237 236 238 228 235 235 235 229 230 231 232 233 233 233 233 233 234 235 233 233 233 234 233 233 240 241 241 241 241 242 241 241
 [7098] 241 241 241 241 234 238 241 244 247 245 246 246 246 248 250 247 246 247 248 248 248 248 251 248 248 248 249 249 250 250 258 258 258 258 258 258 258 258 258 258 259 260 260 260 262 262 262
 [7145] 262 262 262 262 262 262 262 262 262 263 262 265 266 267 267 267 267 268 263 264 265 262 265 263 263 263 263 264 265 266 267 269 270 270 270 270 270 270 271 271 271 271 271 272 273 270 270
 [7192] 270 270 271 271 270 270 270 270 270 270 271 271 268 268 269 269 269 270 270 270 270 270 270 271 271 268 268 268 268 269 268 268 269 268 269 270 265 269 269 269 270 270 263 263 264 264 266
 [7239] 266 266 266 266 266 266 266 266 266 266 266 266 266 266 266 266 267 267 267 267 266 267 268 269 266 266 266 266 266 266 266 267 267 266 266 266 267 267 267 268 268 268 268 267 267 267 265
 [7286] 264 264 266 266 266 266 266 267 265 264 264 268 269 269 268 268 265 265 265 265 265 267 268 268 268 268 269 269 270 268 268 267 267 264 264 264 264 265 264 264 264 266 267 267 267 267 267
 [7333] 267 268 266 266 268 267 264 260 261 262 263 267 267 267 267 268 262 262 262 263 264 262 263 264 268 269 269 269 269 272 272 272 269 270 269 270 270 271 271 271 271 272 274 279 271 271 273
 [7380] 274 271 271 271 273 273 273 274 274 274 274 274 275 276 277 277 278 274 274 274 274 274 275 275 275 275 275 278 279 279 279 275 277 274 275 274 274 275 276 276 278 275 275 278 278 279 278
 [7427] 278 279 279 279 279 279 279 280 279 279 279 279 276 280 275 275 275 276 277 277 277 277 277 277 277 277 278 275 274 274 275 276 276 276 276 276 277 276 276 276 276 276 276 276 276 276 276
 [7474] 277 276 276 276 276 276 276 277 275 275 275 275 275 275 275 275 275 275 275 275 275 276 276 276 276 276 277 277 277 275 275 275 276 275 276 276 276 276 275 275 275 275 275 275 275 275 276
 [7521] 275 277 274 274 277 277 277 279 279 280 281 281 281 281 281 281 281 281 281 281 281 281 281 281 281 281 281 281 281 283 281 282 281 281 281 281 282 282 281 282 283 284 284 284 284 282 282
 [7568] 282 282 282 283 279 279 281 282 279 279 279 279 279 278 280 278 280 285 289 289 291 275 282 283 283 283 283 283 283 283 283 283 284 285 287 283 283 283 283 283 283 283 283 284 285 285 285
 [7615] 285 285 283 283 286 283 283 283 283 284 283 285 286 283 283 284 284 285 283 283 284 284 285 284 283 284 285 286 285 283 284 284 284 289 289 291 294 300 291 291 292 283 283 284 284 288 288
 [7662] 290 291 290 290 290 290 290 290 291 292 291 295 296 294 295 283 283 284 285 286 284 284 285 286 287 289 289 289 290 290 284 284 285 286 286 283 284 284 285 287 287 287 293 295 296 296 296
 [7709] 296 296 297 297 297 298 298 302 296 295 295 297 297 297 297 299 287 287 288 288 288 288 288 290 292 292 289 288 289 294 296 297 297 297 298 298 298 298 298 298 299 299 300 300 299 299 299
 [7756] 299 299 299 299 299 300 299 299 298 299 300 300 298 298 300 300 298 299 299 299 302 300 299 299 299 299 298 300 299 298 298 299 299 299 299 300 300 300 302 303 305 307 307 307 307 307 301
 [7803] 303 303 303 303 304 304 304 303 302 300 300 300 300 300 301 301 300 300 300 300 300 299 299 299 299 299 299 299 299 299 299 300 300 300 300 303 301 299 299 299 299 300 300 300 301 300 302
 [7850] 302 302 303 301 304 305 305 305 299 299 299 299 301 302 303 299 300 301 302 302 303 299 299 300 299 299 300 300 302 300 300 302 299 299 299 304 304 304 305 305 305 305 305 305 305 305 305
 [7897] 305 305 305 305 305 305 305 305 305 305 307 305 305 305 305 305 305 305 306 310 310 310 310 310 310 310 310 310 311 311 311 311 311 311 313 311 311 311 312 311 311 311 311 311 311 311 314
 [7944] 312 312 312 313 312 312 311 313 314 314 314 305 305 306 305 305 305 306 305 305 305 305 306 305 305 305 305 305 305 306 306 306 306 306 305 305 306 305 305 307 307 306 306 306 307 307 308
 [7991] 306 308 308 308 309 313 313 313 313 313 313 313 313 313 313 313 313 313 313 314 314 316 314 315 317 314 310 310 310 310 311 311 310 305 306 307 305 307 307 307 308 311 306 305 306 306 306
 [8038] 307 307 306 306 307 308 309 310 311 311 306 306 306 306 306 306 306 307 308 313 305 307 310 310 311 311 306 306 310 304 304 304 304 304 304 304 304 304 304 304 304 304 305 305 306 304 304
 [8085] 305 305 306 306 306 306 307 307 307 307 305 305 305 305 306 307 307 308 310 307 307 308 308 308 310 305 305 305 306 306 306 306 306 306 306 306 307 308 306 306 306 305 305 305 305 305 305
 [8132] 305 305 306 306 305 305 305 306 305 306 305 306 307 306 305 301 304 310 309 309 309 309 309 309 309 309 309 309 309 309 309 309 309 310 311 310 309 309 309 311 309 309 309 309 309 309 310
 [8179] 310 310 309 310 311 309 309 309 309 311 312 312 312 310 310 311 309 299 300 301 302 303 304 305 307 305 304 303 305 303 306 298 297 297 297 297 297 297 297 298 297 298 298 300 298 299 297
 [8226] 297 298 297 298 299 297 298 300 298 298 296 296 296 290 290 290 291 284 286 282 278 278 278 278 278 273 275 274 274 276 279 269 271 271 272 273 274 274 272 271 271 271 271 271 271 271 271
 [8273] 271 273 271 271 273 273 273 272 273 266 262 264 265 268 267 267 267 269 269 269 265 266 259 259 260 261 261 267 268 267 270 270 270 228 228 229 229 226 228 228 228 228 228 228 228 229 229
 [8320] 229 229 229 229 229 229 229 232 232 232 232 233 235 233 233 230 229 229 229 230 230 230 233 230 230 230 230 229 230 229 229 229 229 229 229 229 229 229 229 229 229 229 229 229 229 229 229
 [8367] 229 230 230 230 230 232 229 229 230 229 229 231 233 233 235 229 229 229 229 229 229 229 229 233 233 235 235 235 229 230 230 230 230 231 229 230 230 230 230 231 230 231 229 229 229 230 230
 [8414] 232 240 240 236 236 236 238 238 239 220 226 226 226 226 226 226 226 226 226 226 229 226 228 227 226 227 229 228 228 226 226 226 226 226 226 227 227 228 229 230 219 219 223 216 216 216 216
 [8461] 216 217 216 216 216 216 216 216 217 217 215 216 216 216 218 215 203 204 209 209 209 209 205 205 206 208 208 208 209 208 208 205 207 205 196 197 200 204 204 204 204 205 205 205 205 205 206
 [8508] 199 203 203 203 203 203 203 203 203 203 205 203 203 205 203 203 203 203 204 206 210 194 200 200 201 201 145 149 148 151 132 138 141 127 141 141 141 142  97 107 108 117  63  64  54  44  55
 [8555]  40  40  41  43  43  43  42  40  41  42  42  22  25  26   8   9   9  16  31   6   7   6   7   7   9   7   7   7   8   8   6   6   6   6   6   5   4   8   5  13  14  13  13   4   4   7  64
 [8602]  66  65  67  73  72  72  74  74  71  72  72  85  83  87  86  87  89  87  91  99 104 103 102 103 120 121 126 125 128 126 126 124 119 127 128 128 131 136 137 138 136 140 139 145 142 160 154
 [8649] 154 156 172 168 167 166 166 178 175 179 177 175 174 177 179 175 176 176 176 174 174 171 172 172 172 172 172 173 172 173 173 174 173 175 172 172 171 170 171 171 171 171 173 170 171 171 177
 [8696] 177 177 177 179 176 176 176 176 175 177 178 179 178 178 186 179 181 175 175 175 174 176 175 174 174 173 174 174 178 179 181 179 175 176 177 176 176 177 177 179 181 194 188 189 189 189 189
 [8743] 189 188 190 188 191 189 191 190 188 188 188 187 188 189 189 189 189 188 178 178 172 173 188 191 188 187 186 186 187 189 185 186 186 186 187 187 190 191 189 190 192 188 189 191 192 194 189
 [8790] 190 191 190 191 190 189 187 193 195 192 204 205 204 205 209 214 214 216 215 217 214 213 217 213 215 214 214 214 214 214 215 216 216 217 216 215 215 214 214 214 214 214 213 215 216 215 213
 [8837] 218 218 222 214 220 217 213 213 218 219 219 221 218 218 219 219 217 219 220 221 222 221 222 223 221 224 221 223 218 217 221 223 216 219 216 217 218 216 218 225 226 225 225 224 225 225 226
 [8884] 228 226 224 224 225 226 225 225 224 225 224 224 224 224 224 224 225 225 223 225 226 226 225 229 227 228 224 225 225 224 225 228 226 230 230 236 237 245 238 238 245 244 242 244 243 242 243
 [8931] 242 242 241 242 245 243 245 242 245 243 245 248 243 243 244 245 244 244 248 247 245 243 242 243 242 243 245 242 244 257 252 247 246 246 245 247 244 246 243 244 246 253 253 248 250 251 248
 [8978] 251 247 242 245 244 244 246 245 245 245 245 247 245 245 245 244 244 244 244 244 244 244 245 243 243 244 246 245 244 244 245 245 246 244 247 244 242 245 247 246 245 244 241 247 242 243 241
 [9025] 243 242 244 241 245 244 245 243 244 243 239 239 239 239 240 243 239 240 242 242 243 242 246 246 242 243 242 241 241 241 239 240 241 239 241 242 241 242 241 239 239 238 240 241 240 241 241
 [9072] 241 241 242 240 241 243 239 240 245 244 243 244 242 242 243 243 243 249 244 246 242 241 240 242 246 244 244 243 241 241 241 239 240 242 247 247 253 251 247 227 234 235 235 235 236 239 237
 [9119] 237 237 237 238 236 237 236 236 235 234 234 235 235 235 235 238 237 234 235 234 234 234 234 234 235 234 235 234 234 234 234 234 234 233 237 234 234 234 235 235 234 234 234 237 235 242 232
 [9166] 235 235 234 227 226 227 231 235 232 232 240 232 232 234 232 236 239 230 232 241 245 246 238 239 240 239 239 239 239 239 239 240 231 235 235 246 246 246 244 248 248 249 249 248 249 248 247
 [9213] 247 247 250 245 252 251 247 247 248 248 256 259 259 257 256 257 257 256 256 261 262 260 262 263 261 260 261 260 259 267 264 265 265 277 266 265 263 263 262 262 263 262 260 263 262 260 268
 [9260] 268 270 269 272 270 269 272 270 269 268 268 270 270 271 268 268 268 268 270 268 267 268 269 272 269 268 268 267 267 267 268 268 268 268 267 268 269 270 268 269 268 267 266 267 271 267 267
 [9307] 266 265 269 267 271 267 268 264 264 266 267 267 268 268 269 262 263 264 264 264 265 268 266 265 266 264 264 264 268 267 266 265 264 264 264 264 264 264 265 264 264 264 264 263 265 264 265
 [9354] 264 264 266 264 265 266 266 265 265 266 266 266 267 264 266 264 265 262 261 264 266 260 264 266 265 264 264 266 264 263 265 266 267 269 267 266 265 264 266 265 263 262 267 268 268 269 266
 [9401] 265 266 267 266 267 265 265 266 263 264 262 262 262 262 262 261 264 265 265 265 265 265 266 267 265 266 267 264 263 263 263 269 268 267 265 269 268 264 265 268 263 266 269 271 270 272 268
 [9448] 270 269 267 270 268 269 270 274 277 277 270 273 272 278 271 271 267 271 270 280 274 277 276 274 279 277 275 273 273 276 279 279 277 276 275 273 275 274 275 273 272 273 273 272 271 279 280
 [9495] 276 273 276 277 277 277 281 277 277 277 278 276 278 276 278 283 280 275 279 280 277 275 275 274 275 275 276 275 275 275 275 276 276 277 273 276 274 273 272 274 274 275 277 274 273 275 275
 [9542] 274 275 277 274 274 274 274 274 274 274 274 274 275 276 274 273 275 272 273 273 273 274 273 274 275 275 274 274 275 277 273 280 275 280 278 273 274 274 273 274 275 273 274 273 273 273 273
 [9589] 273 273 273 274 274 273 275 280 273 276 277 276 275 280 280 280 280 280 281 280 280 280 281 281 279 279 280 280 279 279 279 280 278 280 280 280 283 282 279 280 282 282 282 283 281 282 280
 [9636] 280 279 281 280 284 281 280 281 277 281 280 279 277 276 277 277 277 280 277 278 279 279 278 286 281 289 289 287 288 290 289 277 286 285 284 285 280 281 281 281 282 283 283 284 291 283 284
 [9683] 284 283 284 283 283 281 282 281 281 281 280 282 286 282 282 283 283 282 284 285 283 283 282 286 282 284 282 281 281 285 286 282 285 282 281 282 281 281 286 292 293 298 297 291 289 289 288
 [9730] 282 282 284 283 285 285 285 288 288 292 288 289 294 290 291 289 292 294 296 290 295 294 297 282 286 284 286 286 286 287 288 283 288 287 288 287 287 288 286 284 284 284 283 282 285 293 296
 [9777] 295 299 298 297 299 299 299 295 293 295 295 299 296 297 298 297 303 294 295 294 286 287 286 285 284 293 290 289 290 287 287 285 286 296 297 298 301 297 296 296 296 297 298 298 297 298 297
 [9824] 296 297 298 297 300 297 302 297 298 297 297 297 295 299 300 298 297 296 297 299 297 298 298 298 299 297 296 300 300 306 305 305 304 304 305 302 301 301 301 302 301 302 301 301 303 300 299
 [9871] 297 300 298 299 298 298 298 298 301 298 298 299 298 299 299 298 296 297 297 297 300 301 298 298 298 297 297 300 298 301 298 300 300 300 304 299 301 299 307 303 303 304 304 303 299 298 298
 [9918] 298 299 301 300 299 297 298 297 301 300 300 299 298 296 296 297 297 298 297 299 300 299 297 298 299 299 300 299 302 305 297 302 304 305 303 304 303 304 302 303 309 313 308 314 309 314 312
 [9965] 308 309 307 310 311 309 309 309 309 312 310 310 309 309 309 309 308 309 312 316 310 310 312 309 310 310 310 312 312 311 313 315 312 305 304 302
 [ reached getOption("max.print") -- omitted 9215660 entries ]
