depth_restriction ancestor_site_node number_of_mutations_in_the_subtree maxdepth epistasis_(median)_pvalue epistasis_(mean)_pvalue env_(median)_pvalue env_(mean)_pvalue epimed_FDR epimean_FDR envmed_FDR envmean_FDR
150 97_INTNODE2429 1 169 0.996499299859972 0.997099419883977 0.00370074014802961 0.0029005801160232 0.714925661256265 0.687145723530743 0.0449225860084598 0.0192824654063149
150 311_INTNODE2423 3 185 0.891042780748663 0.953208556149733 0.124498663101604 0.0467914438502674 0.691591996153204 0.677387617232898 0.307217982226924 0.155529990771524
150 232_INTNODE2418 1 182 0.0627470355731225 0.0686758893280632 0.940217391304348 0.931324110671937 0.136377553858182 0.136485941341226 0.748585126430764 0.769725393515482
150 60_INTNODE2435 2 163 0.30261071768312 0.376175879928126 0.698234858894409 0.623824120071874 0.43232470967731 0.453141707163651 0.688587687774519 0.691261255388572
150 85_INTNODE2434 4 269 0.987596278883665 0.999799939981995 0.0133039911973592 0.000200060018005402 0.713093083960368 0.687726879097094 0.0834100962128281 0.00531983289144914
150 184_INTNODE2429 5 230 0.000500100020004001 0.0003000600120024 0.999499899979996 0.999699939987998 0.00608415547987506 0.00327443935670946 0.759916979472784 0.782042518700028
150 169_INTNODE2434 8 208 0.999299789936981 0.998599579873962 0.000700210063018906 0.00140042012603781 0.715497277225382 0.68746882676486 0.0180936239673476 0.0124129434133813
150 292_INTNODE2433 2 264 0.738158281847602 0.920564872021183 0.272580170638423 0.0794351279788173 0.650068067960384 0.669725956234469 0.466194722604648 0.22185214947566
150 90_INTNODE2429 4 230 0.0011002200440088 0.000600120024004801 0.998899779955991 0.999399879975995 0.00669257102786256 0.00327443935670946 0.759807386890949 0.78199134550225
150 206_INTNODE2435 3 163 0.902230208223232 0.512630800126836 0.0997780361483987 0.487369199873164 0.694246922471025 0.530341246964953 0.270154312418334 0.636261833262662
150 178_INTNODE2426 8 199 0.716627974463146 0.757544979686593 0.292222867092281 0.242455020313407 0.643304796227133 0.625284881838064 0.48063122401338 0.465298414184951
150 73_INTNODE2425 3 191 0.0038832666509767 0.00670746057895976 0.996352082843022 0.99329253942104 0.0137288271862314 0.0196060538113771 0.759341015965337 0.780944533031824
150 415_INTNODE2429 4 230 0.016503300660132 0.00670134026805361 0.983496699339868 0.993298659731946 0.0446171401857504 0.0195956505916953 0.756959864278903 0.780945587099526
150 111_INTNODE2428 7 168 0.776875250701966 0.910850381066988 0.226333734456478 0.0891496189330124 0.661606137792982 0.667375146519029 0.427190334583213 0.24240666453737
150 113_INTNODE2429 9 230 0.972094418883777 0.96879375875175 0.0320064012802561 0.0312062412482496 0.709845352433639 0.68092155776324 0.118150623627794 0.118544417867394
150 176_INTNODE2434 23 269 0.910573171951585 0.28038411523457 0.0969290787236171 0.71961588476543 0.696197254929001 0.381808027678698 0.265414474719148 0.720888172802522
150 78_INTNODE2434 3 269 0.973792137641292 0.0725217565269581 0.0297089126738021 0.927478243473042 0.710204615444247 0.141321785815961 0.115504157233769 0.768991119894569
150 269_INTNODE2423 3 185 0.0596590909090909 0.533255347593583 0.940842245989305 0.466744652406417 0.131386246375243 0.540153041735784 0.74871014280629 0.626197037655672
150 238_INTNODE2422 34 184 0.0474608448030375 0.0498338870431894 0.953488372093023 0.950166112956811 0.11030271880615 0.109717879184232 0.751213833316675 0.773256388332278
150 201_INTNODE2434 7 269 0.0149044713414024 0.440632189656897 0.98739621886566 0.559367810343103 0.0414732580839888 0.492542773030987 0.757687120665175 0.667513680195279
150 138_INTNODE2416 6 181 0.75732421875 0.34423828125 0.244140625 0.65576171875 0.655876431737732 0.431261156855111 0.443128556849026 0.701814097011702
150 151_INTNODE2425 6 191 0.00400094139797599 0.00270651918098376 0.996116733349023 0.997293480819016 0.0139071320349991 0.0105448291658454 0.759297842463306 0.781631435891095
150 293_INTNODE2415 5 175 0.693174198739439 0.559876625989004 0.311787582137589 0.440123374010996 0.635633400985703 0.552227507498552 0.496822913504331 0.612351868703014
150 171_INTNODE2429 6 230 0.0002000400080016 0.0003000600120024 0.999799959991998 0.999699939987998 0.00486732438390005 0.00327443935670946 0.759971738269434 0.782042518700028
150 240_INTNODE2421 3 183 0.875675675675676 0.112530712530713 0.138574938574939 0.887469287469287 0.687869106022022 0.198640114210569 0.325528653639516 0.761065114264008
150 4_INTNODE2429 2 230 0.000900180036007201 0.000700140028005601 0.999099819963993 0.999299859971994 0.00657088791826506 0.00327443935670946 0.759843928866889 0.781974282429368
150 470_INTNODE2428 3 205 0.995487364620939 0.988868832731649 0.00601684717208183 0.0111311672683514 0.714718546927571 0.685361071060756 0.0518256715378987 0.0591981849694714
150 186_INTNODE2429 7 230 0.171334266853371 0.923184636927386 0.83876775355071 0.0768153630726145 0.301281388564312 0.670354235247627 0.726493313195323 0.217321824445236
150 145_INTNODE2426 5 199 0.273215322112594 0.106355194428323 0.733894370284388 0.893644805571677 0.407439712002443 0.190507641965363 0.699167027165738 0.762323829598499
150 496_INTNODE2434 1 265 0.973392017605282 0.999299789936981 0.0299089726918075 0.000700210063018906 0.710120024135861 0.687619409097658 0.115745746532118 0.00930970756003598
150 488_INTNODE2434 6 269 0.0827248174452336 0.0489146744023207 0.919675902770831 0.951085325597679 0.172316175650144 0.10826354134898 0.744404924051707 0.773425880747242
150 179_INTNODE2429 6 230 0.002000400080016 0.000700140028005601 0.998099619923985 0.999299859971994 0.00973464876780009 0.00327443935670946 0.759661107715449 0.781974282429368
150 261_INTNODE2435 6 305 0.406193848430398 0.545291195433886 0.595180213508086 0.454708804566114 0.505502440568359 0.545691755396577 0.653358208859727 0.620061944775364
150 128_INTNODE2435 1 305 0.762815770003171 0.97019342564211 0.244477327978015 0.0298065743578903 0.6575053116277 0.681235146800208 0.443418158812953 0.115528834526778
