depth_restriction ancestor_site_node number_of_mutations_in_the_subtree maxdepth epistasis_(median)_pvalue epistasis_(mean)_pvalue env_(median)_pvalue env_(mean)_pvalue epimed_FDR epimean_FDR envmed_FDR envmean_FDR
100 175_INTNODE4215 7 154 0.970593094333388 0.953741946142409 0.0315546010242855 0.0462580538575913 0.86652361832653 0.877590733976444 0.105516653865595 0.0927420028668072
100 73_INTNODE4095 3 104 0.702006815600151 0.884134797425218 0.3067020068156 0.115865202574782 0.824422212007543 0.869213968600438 0.47739276931687 0.177017478523933
100 174_INTNODE4232 6 135 0.713212461184013 0.904738054692978 0.296704397475709 0.0952619453070219 0.826702747912979 0.871810517425055 0.469131585835988 0.155398258222159
100 189_INTNODE4224 19 193 0.999799458538053 0.993382131755741 0.000200541461947258 0.0066178682442595 0.8699155423414 0.881898501262708 0.0100589755562287 0.0278514057017268
100 161_INTNODE4232 10 118 0.0339577281378343 0.441750976660323 0.96624261244115 0.558249023339677 0.190062136112361 0.768553861640019 0.742125956412975 0.507108147098476
100 147_INTNODE4207 3 116 0.615515409139214 0.80807651434644 0.400637619553666 0.19192348565356 0.804571849770204 0.858644124135522 0.54405796055149 0.261290128040042
100 209_INTNODE4241 8 113 0.359760658189978 0.317127898279731 0.642483171278983 0.682872101720269 0.706427607660271 0.704479765564103 0.65677908081269 0.557232297523422
100 19_INTNODE4238 23 270 0.770937540079518 0.893164037450301 0.235603437219443 0.106835962549699 0.837570973287909 0.870364722914364 0.412360137313993 0.167890295386648
100 276_INTNODE4232 11 244 0.011018731844135 0.0171291195031554 0.990083141340279 0.982870880496845 0.107039380355192 0.141321999716436 0.746762929780051 0.644306954288257
100 18_INTNODE4224 3 205 0.0426150606637922 0.485410608643337 0.961295497844179 0.514589391356663 0.221812550534465 0.784893078825172 0.741142388515622 0.486752762761598
100 213_INTNODE4230 3 101 0.858590078328982 0.950809399477807 0.147885117493473 0.0491906005221932 0.851693936529294 0.877259531287122 0.308692970082926 0.0963249190539836
100 98_INTNODE4207 2 179 0.927205100956429 0.985547290116897 0.0731137088204038 0.0144527098831031 0.861144954028261 0.881071284720124 0.193016657242914 0.0457193566730478
100 391_INTNODE4195 2 108 0.992010790620461 0.993152106246109 0.00902676903921975 0.00684789375389085 0.869027965516224 0.881874378759785 0.0503082716581206 0.0281584336622958
100 158_INTNODE4148 15 121 0.472202423378475 0.382988833452126 0.538845331432644 0.617011166547874 0.759522835783491 0.74219776467836 0.616108077992451 0.532084972413527
100 153_INTNODE4102 6 107 0.0380243041944336 0.0184241473931791 0.963151705213642 0.981575852606821 0.202762551855944 0.144203472138268 0.741512311316138 0.64400473673061
100 153_INTNODE4232 3 141 0.995692677551838 0.999198637684063 0.00450766302714615 0.000801362315937093 0.869449048648227 0.88250521388557 0.0440347894432776 0.0116019077022395
100 11_INTNODE4201 5 106 0.0861771058315335 0.0279697624190065 0.918790496760259 0.972030237580993 0.365646824055979 0.173724313011096 0.732372052359071 0.641761155560647
100 174_INTNODE4127 10 109 0.983832204500765 0.968866069477824 0.0167140048066419 0.0311339305221761 0.86808282379721 0.879270866120728 0.0699191464861392 0.0711708407064611
100 16_INTNODE4236 17 266 0.525314645308924 0.73312356979405 0.482122425629291 0.26687643020595 0.778449730941382 0.846411852438586 0.589483556769052 0.329690569908386
100 291_INTNODE4258 2 186 0.987082773586855 0.994523096000827 0.0134339154696704 0.0054769039991733 0.868460097942235 0.882018007348594 0.0628902655100252 0.026087330886494
100 291_INTNODE4138 14 120 0.721330275229358 0.576070336391437 0.28019877675841 0.423929663608563 0.828318199018593 0.812394835547689 0.45490587240874 0.438610525019312
100 205_INTNODE4200 9 110 0.991828911530314 0.976999899122365 0.0086754766468274 0.0230001008776354 0.869007094292906 0.880155517286366 0.0499678504399661 0.0608002161373187
100 292_INTNODE4129 6 117 0.584690917205981 0.604329390760991 0.433385405043517 0.395670609239009 0.796367012664245 0.819584730698225 0.5634707835707 0.421702447845469
100 176_INTNODE4231 2 237 0.00779572929612473 0.00655293187210485 0.992317252287877 0.993447068127895 0.105508829223618 0.0968743133890125 0.747188932042148 0.646756019041182
100 70_INTNODE4232 9 244 0.00530902534308324 0.0041069818691776 0.995091655814885 0.995893018130822 0.103147039251367 0.0809532906171575 0.747715966828553 0.647317619024626
100 151_INTNODE4195 2 130 0.997821124714671 0.998547416476447 0.00238638721726499 0.0014525835235526 0.869691238150794 0.882437595866945 0.0386339801635131 0.0134176079910406
100 258_INTNODE4258 6 302 0.737418621473597 0.607936343908236 0.270125038751679 0.392063656091764 0.831432413472269 0.820462973646499 0.445842725948353 0.419470742036499
100 466_INTNODE4200 13 131 0.140825179057803 0.0295571471804701 0.861595884192475 0.97044285281953 0.48504864730783 0.181791424506392 0.719588047951967 0.641385314756725
100 278_INTNODE4195 11 130 0.282838763228886 0.11931936086325 0.742788960365221 0.88068063913675 0.654195916705903 0.472831970868178 0.688699152416288 0.618768503456376
100 142_INTNODE4238 3 270 0.304989098371168 0.121713479543414 0.698986789790945 0.878286520456586 0.67104903857222 0.477786356471573 0.675521259071709 0.61812614810378
100 204_INTNODE4256 11 283 0.853206032331561 0.837474232396658 0.152327221438646 0.162525767603342 0.850897610236032 0.8629259555578 0.314060034021126 0.230492198086047
100 66_INTNODE4232 9 181 0.845236902734649 0.994190123209456 0.16127416608234 0.00580987679054392 0.849703115460843 0.881983156342441 0.324479438828586 0.0266484165797822
100 99_INTNODE4207 6 116 0.729968119022317 0.914877789585547 0.284059511158342 0.0851222104144527 0.830004387435408 0.873050899480296 0.458301211066193 0.143646076642577
100 78_INTNODE4232 1 135 0.994891315235901 0.999899829710508 0.00540919563257538 0.000100170289492137 0.869357630633129 0.882577933594922 0.0452200475308234 0.00435071538833982
100 315_INTNODE4207 2 179 0.206588735387885 0.364824654622742 0.797449521785335 0.635175345377258 0.580149596446265 0.73279189569138 0.703714934505206 0.539301373380752
100 209_INTNODE4201 12 139 0.983369330453564 0.975809935205184 0.0167386609071274 0.0241900647948164 0.868028924672174 0.880026904972331 0.0699663215418091 0.0625154600578911
100 137_INTNODE4148 9 121 0.432763126633405 0.534212401995723 0.581492040864814 0.465787598004277 0.743234430211809 0.800625871497349 0.633956938079718 0.461913693516721
100 294_INTNODE4196 7 141 0.679449994628854 0.291438392953056 0.34933934901708 0.708561607046944 0.819644548914248 0.686594454728055 0.509917839213876 0.56632344281126
100 557_INTNODE4258 1 302 0.974475560607626 0.996899865660845 0.0271778443732562 0.0031001343391547 0.86698467316628 0.882266178282619 0.0965876104329352 0.0203543573400814
100 14_INTNODE4262 8 313 0.743960674157303 0.202106741573034 0.259831460674157 0.797893258426966 0.832666681029106 0.603055587125275 0.436265094242614 0.595224051167537
100 140_INTNODE4152 11 127 0.634146341463415 0.751838946960898 0.386759581881533 0.248161053039102 0.80921804846982 0.849660307003728 0.535300181025778 0.313825968419479
100 233_INTNODE4230 6 227 0.852950391644909 0.970861618798956 0.148198433420366 0.0291383812010444 0.850859587032584 0.879489112821074 0.309075897884144 0.0688951149114722
100 495_INTNODE4258 4 272 0.485687713134236 0.605662912059523 0.52805621576935 0.394337087940477 0.764628206964702 0.819910423885985 0.611313190401891 0.420879369220442
100 94_INTNODE4262 7 313 0.0498595505617977 0.0657303370786517 0.951544943820225 0.934269662921348 0.250089982794006 0.330699664226434 0.739181684114488 0.632601705858769
100 469_INTNODE4224 4 205 0.494735786623885 0.946154617467161 0.50566529630001 0.0538453825328387 0.767933888731095 0.876730122750688 0.600969839500925 0.10168160099488
100 212_INTNODE4130 3 119 0.0147167034584253 0.0426784400294334 0.986387049300957 0.957321559970567 0.122539392114433 0.242892005393963 0.746054994528787 0.638248156500098
100 294_INTNODE4236 2 140 0.612700228832952 0.606121281464531 0.38887299771167 0.393878718535469 0.803850044025144 0.820022102553439 0.536655511693891 0.4205959122183
100 110_INTNODE4209 12 189 0.841249646593158 0.934549052869664 0.15973989256432 0.0654509471303364 0.849098252256127 0.875390067361522 0.322728545092344 0.11836935295599
100 188_INTNODE4230 2 101 0.826527415143603 0.866109660574413 0.182872062663185 0.133890339425587 0.84682209204661 0.866854505117807 0.352611330026012 0.197919350743964
100 206_INTNODE4200 3 153 0.00363159487541612 0.00090789871885403 0.99657016039544 0.999092101281146 0.103147039251367 0.053687153617544 0.747995931864079 0.6480494518994
100 159_INTNODE4230 2 227 0.991331592689295 0.998433420365535 0.00898172323759791 0.00156657963446475 0.868949991345524 0.882425751344433 0.0502658567729613 0.0136083107222338
100 363_INTNODE4231 2 141 0.93311490227093 0.95435544006327 0.0706134900011298 0.0456445599367303 0.861902934087802 0.877659796208236 0.1888075192255 0.0919707335066125
100 79_INTNODE4239 2 275 0.961656835085919 0.991023339317774 0.0453962554501154 0.00897666068222621 0.865450167565515 0.881650669027048 0.139419625073062 0.0324904187027201
100 138_INTNODE4257 11 291 0.00981607770200455 0.023248605083695 0.990390576565406 0.976751394916305 0.106581197851792 0.152752162352964 0.746821636970815 0.642874329918329
100 162_INTNODE4232 2 244 0.165881999398978 0.69387959531203 0.834919362916959 0.30612040468797 0.525960181670357 0.839122783070768 0.713198186917488 0.360685036018661
100 179_INTNODE4222 2 203 0.0185905750108085 0.014483354950281 0.981409424989191 0.985516645049719 0.135445960870455 0.13434527719207 0.745095321249919 0.644922797747746
100 47_INTNODE4266 6 317 0.505123339658444 0.657685009487666 0.500948766603416 0.342314990512334 0.771616271420247 0.831758718722366 0.598720478829208 0.386834175310117
100 149_INTNODE4153 5 128 0.0228310502283105 0.170471841704718 0.979071537290715 0.829528158295282 0.14785860441205 0.56168103862013 0.744642074603932 0.60455631030138
100 171_INTNODE4213 5 130 0.79808338937458 0.283120376597176 0.209482178883658 0.716879623402825 0.842224117120237 0.68033011911214 0.384207197200961 0.569187587152138
100 229_INTNODE4224 2 205 0.994886192720345 0.999398375614158 0.0052140780106287 0.000601624385841773 0.869357045853671 0.882525937618125 0.0449934499484191 0.0107519939898707
100 69_INTNODE4232 34 244 0.891615746769508 0.971952318942202 0.118301111890213 0.0280476810577983 0.856398384103979 0.879608065957282 0.269236757063248 0.0675839974309416
100 173_INTNODE4200 17 153 0.997881569656007 0.992736810249168 0.00211843034399274 0.00726318975083224 0.869698102875095 0.881830802195165 0.0374010135832429 0.028678501178153
100 188_INTNODE4062 2 101 0.0954462659380692 0.0510018214936248 0.906375227686703 0.948998178506375 0.389651091507446 0.277134242881316 0.729697062311232 0.636229515981941
100 213_INTNODE4196 2 141 0.00225588140509185 0.00193361263293587 0.997744118594908 0.998066387367064 0.103147039251367 0.0571705611570216 0.748217786770043 0.647815137188979
100 15_INTNODE4236 8 266 0.0766590389016018 0.022883295194508 0.923340961098398 0.977116704805492 0.338950424991407 0.152202081892901 0.733339282955848 0.642960175932046
100 78_INTNODE4127 6 109 0.939807734323793 0.880270919816474 0.0609569587065764 0.119729080183526 0.862751412980444 0.868715261192831 0.171483836399391 0.18077003818506
100 171_INTNODE4257 1 111 0.974994833643315 0.975718123579252 0.0265550733622649 0.0242818764207481 0.867046097058206 0.880016970421947 0.0952251411305053 0.0626446164492727
