depth_restriction ancestor_site_node number_of_mutations_in_the_subtree maxdepth epistasis_(median)_pvalue epistasis_(mean)_pvalue env_(median)_pvalue env_(mean)_pvalue epimed_FDR epimean_FDR envmed_FDR envmean_FDR
150 179_INTNODE4222 2 203 0.0210477081384471 0.0163704396632367 0.978952291861553 0.983629560336763 0.0952772212070707 0.112804778796432 0.682290974944873 0.639915743469666
150 47_INTNODE4266 6 317 0.544287548138639 0.689773213521609 0.462130937098845 0.310226786478391 0.716834160519591 0.81309318729819 0.50342135227566 0.359174856582675
150 69_INTNODE4232 34 244 0.913226875564929 0.967259214622878 0.0949081048508587 0.0327407853771216 0.809431191930635 0.859161033232387 0.194209182891187 0.0632267370731925
150 229_INTNODE4224 2 205 0.99407154340836 0.999095659163987 0.00592845659163987 0.000904340836012862 0.82217352774117 0.863034219061261 0.0311875020071783 0.0192104042603084
150 173_INTNODE4200 17 153 0.996955551045261 0.989141465394764 0.00304444895473919 0.0108585346052365 0.822596687128169 0.861846292540492 0.0258322418553279 0.0288327186960866
150 15_INTNODE4236 8 266 0.0839580209895052 0.0256371814092954 0.916041979010495 0.974362818590705 0.280829855987043 0.139184043916727 0.667721911044411 0.637731764061037
150 557_INTNODE4258 1 302 0.985182849936948 0.996216897856242 0.0161832702816309 0.00378310214375788 0.820856530826614 0.862692774663323 0.0611381797918875 0.0261542749021446
150 14_INTNODE4262 8 313 0.790194014137464 0.223341855918183 0.213265152654535 0.776658144081817 0.786106256007947 0.584816195114215 0.318727383835059 0.583886702457007
150 233_INTNODE4230 6 227 0.877816939015273 0.970095055003738 0.12335789810958 0.0299049449962619 0.803256331205728 0.859514903221921 0.222457519121477 0.0598662855092462
150 495_INTNODE4258 4 272 0.50063051702396 0.623160992013451 0.514712063892392 0.376839007986549 0.699559776538439 0.797166414588842 0.530323989532762 0.405058197746563
150 94_INTNODE4262 7 313 0.0547450744472853 0.0764024665363213 0.946157316889758 0.923597533463679 0.207324289342898 0.325170078361208 0.674859299410691 0.625281181289524
150 469_INTNODE4224 4 205 0.493770096463023 0.937801446945338 0.507033762057878 0.0621985530546624 0.696651740676258 0.855376875159097 0.52657866085871 0.10163453194129
150 110_INTNODE4209 12 189 0.842073628850488 0.927573253193088 0.158978211870774 0.0724267468069121 0.796603785993981 0.854014947806242 0.258573608463317 0.115712329692777
150 206_INTNODE4200 3 153 0.00578445301400447 0.00142074284554496 0.994519991881469 0.998579257154455 0.0791286074625359 0.0404679523546148 0.685701139686427 0.643384104559831
150 159_INTNODE4230 2 227 0.993378190750828 0.99775712912528 0.00672861262415892 0.00224287087471964 0.82207149358781 0.862875670033217 0.0320208231790014 0.0238220228984678
150 162_INTNODE4232 2 244 0.191724414984433 0.70462990860701 0.808777744300492 0.29537009139299 0.471379595005063 0.816310116084575 0.639538463333673 0.347959228600343
150 138_INTNODE4257 11 291 0.0116535433070866 0.0303412073490814 0.988661417322835 0.969658792650919 0.0791286074625359 0.160620223338804 0.684426422185133 0.636612953658695
150 79_INTNODE4239 2 275 0.969639724733504 0.989879908244501 0.0329240318445554 0.0101200917554986 0.818506081802828 0.861935124962524 0.0973098150472105 0.0287179770135924
150 176_INTNODE4231 2 237 0.00985106133458426 0.00809194323912279 0.990266213205113 0.991908056760877 0.0791286074625359 0.0768293794296654 0.684776623199253 0.641844663024191
150 70_INTNODE4232 9 244 0.00652807070402732 0.00532288842020689 0.993974088580898 0.994677111579793 0.0791286074625359 0.0698737064864415 0.685582796468464 0.64248525873092
150 258_INTNODE4258 6 302 0.772383354350567 0.62568306010929 0.235813366960908 0.37431693989071 0.782248012332266 0.797818713265845 0.340936876907406 0.403440967675288
150 142_INTNODE4238 3 270 0.329411764705882 0.135632183908046 0.674239350912779 0.864367816091954 0.605071675295147 0.461034019902095 0.596625096532434 0.609627688395709
150 204_INTNODE4256 11 283 0.88497258587893 0.847040393868188 0.120062660848159 0.152959606131812 0.804536199962816 0.842323818381335 0.219533854663448 0.21651755570709
150 66_INTNODE4232 9 181 0.874861906196646 0.993974088580898 0.131565732650397 0.00602591141910214 0.802722886740962 0.862425577219225 0.229401843639482 0.0276198429125929
150 315_INTNODE4207 2 179 0.251310615989515 0.392857142857143 0.751310615989515 0.607142857142857 0.538927010433281 0.712451179542676 0.622378610513283 0.523111822589936
150 175_INTNODE4215 7 154 0.966423876354592 0.949902291703677 0.0362408953632972 0.0500977082963226 0.818012055929804 0.856955696051687 0.102684856242648 0.0873838155394619
150 189_INTNODE4224 19 193 0.999899517684887 0.990655144694534 0.00010048231511254 0.00934485530546624 0.82302657194659 0.862028260707553 0.00227765058866821 0.0285792368571695
150 18_INTNODE4224 3 205 0.0750602893890675 0.507938102893891 0.93157154340836 0.492061897106109 0.258769439781053 0.762100892780653 0.671441138255558 0.47062228100139
150 276_INTNODE4232 11 244 0.0155669378326805 0.0226975996786181 0.98603997187908 0.977302400321382 0.0845607266869169 0.129302130253715 0.683852689626573 0.638427426197305
150 19_INTNODE4238 23 270 0.815145368492225 0.904665314401623 0.191480730223124 0.0953346855983773 0.791286988471343 0.850869594259026 0.295800706703273 0.146933526516175
150 98_INTNODE4207 2 179 0.936216688510267 0.978811708169506 0.0643294014853648 0.0211882918304937 0.813236833811356 0.860591561660459 0.15392369220084 0.0477997271368912
150 291_INTNODE4258 2 186 0.993379571248424 0.992013451029845 0.007145859604876 0.00798654897015553 0.822071696858921 0.862191142995719 0.0323952952663508 0.0282759494583622
150 16_INTNODE4236 17 266 0.548875562218891 0.749625187406297 0.459220389805097 0.250374812593703 0.718534906989687 0.825410887567845 0.501841892930227 0.311462282635656
