depth_restriction ancestor_site_node number_of_mutations_in_the_subtree maxdepth epistasis_(median)_pvalue epistasis_(mean)_pvalue env_(median)_pvalue env_(mean)_pvalue epimed_FDR epimean_FDR envmed_FDR envmean_FDR
50 233_INTNODE4230 6 227 0.833281685776263 0.975932238405123 0.167751265365148 0.0240677615948766 0.883198142834671 0.910216790938501 0.362159753325619 0.0671492114544551
50 140_INTNODE4152 11 127 0.62874659400545 0.756471389645777 0.394754768392371 0.243528610354223 0.850868251004347 0.887110129061763 0.56930492125537 0.328027164148275
50 14_INTNODE4262 8 313 0.739004094571391 0.186897371549333 0.265486725663717 0.813102628450667 0.87023095185311 0.660035253255474 0.470612889636298 0.619753339232898
50 557_INTNODE4258 1 302 0.968458781362007 0.998361495135689 0.0328725038402458 0.00163850486431132 0.89783569943458 0.912056477837118 0.12656482017404 0.0166127646867658
50 294_INTNODE4196 7 141 0.685235602094241 0.264502617801047 0.339162303664921 0.735497382198953 0.861459051314861 0.733165494926807 0.531764624224445 0.5958471567534
50 137_INTNODE4148 9 121 0.401987353206865 0.524503161698284 0.613595302619693 0.475496838301716 0.784843638940703 0.84492554129057 0.672626103537065 0.488003379456354
50 160_INTNODE4224 2 96 0.858158158158158 0.988688688688689 0.151551551551552 0.0113113113113113 0.886198702850601 0.911272425567413 0.343342524594534 0.0444652697861289
50 205_INTNODE3909 4 62 0.496785714285714 0.339642857142857 0.515 0.660357142857143 0.818446496811875 0.779161437973449 0.632955722373007 0.569650387783646
50 99_INTNODE4238 1 95 0.849547787826937 0.922268394035688 0.15912979711562 0.0777316059643119 0.885177735834559 0.905486351483718 0.352371359409737 0.149947492745961
50 264_INTNODE4224 1 57 0.0379379379379379 0.0032032032032032 0.965865865865866 0.996796796796797 0.256097922522769 0.0555165421003714 0.763826876404243 0.666454150072164
50 212_INTNODE4130 3 119 0.0125200642054575 0.034991974317817 0.988443017656501 0.965008025682183 0.133917942534754 0.26659066349035 0.767969658114354 0.659211077243218
50 469_INTNODE4224 4 205 0.488288288288288 0.948848848848849 0.512312312312312 0.0511511511511512 0.815868775104665 0.907890123044921 0.631739255377804 0.111793241996455
50 495_INTNODE4258 4 272 0.47741935483871 0.600307219662058 0.534971838197645 0.399692780337942 0.812462984570539 0.861801418908693 0.641749410403102 0.444810851825966
50 94_INTNODE4262 7 313 0.0463611147800819 0.0577202483159424 0.954959714700832 0.942279751684058 0.296120632125494 0.374841887608818 0.76177220650481 0.653836537812448
50 218_INTNODE3933 2 82 0.99166849375137 0.994189870642403 0.00833150624862969 0.00581012935759702 0.899987683123631 0.911720042788943 0.0677196706874399 0.0283270002395155
50 79_INTNODE4239 2 275 0.954945054945055 0.992796092796093 0.0505494505494506 0.0072039072039072 0.896539519355871 0.911607062340815 0.168084466920239 0.032613560250945
50 138_INTNODE4257 11 291 0.0094098394190447 0.0189219597013399 0.990897003170707 0.98107804029866 0.122159800044359 0.164271233634467 0.768411210211562 0.662911520534774
50 363_INTNODE4231 2 141 0.914479440069991 0.961504811898513 0.0891294838145232 0.0384951881014873 0.892453763469904 0.908992195359935 0.249374084312725 0.0923216183664315
50 162_INTNODE4232 2 244 0.151290774464679 0.686011606964179 0.849409645787472 0.313988393035821 0.578569183402384 0.876942124224685 0.739869935851749 0.386274404509686
50 206_INTNODE4200 3 153 0.00241133326635185 0.000502361097156636 0.997789611172511 0.999497638902843 0.0687793682196799 0.0217667669131916 0.769642474156867 0.667055372053618
50 159_INTNODE4230 2 227 0.986365044933375 0.998967048858589 0.0138415452949076 0.00103295114141101 0.899503981787416 0.912105101789284 0.0859230289878518 0.0130938666105489
50 468_INTNODE3947 4 99 0.560278745644599 0.340418118466899 0.450174216027875 0.659581881533101 0.835639247968445 0.779553501361613 0.601180367613728 0.569362389703322
50 294_INTNODE4236 2 140 0.57532605802502 0.585972850678733 0.426404045781208 0.414027149321267 0.839246967707909 0.858897756399741 0.588105339632645 0.453528417594522
50 110_INTNODE4209 12 189 0.825401034071324 0.941800344690441 0.175792125149145 0.0581996553095585 0.882214310772585 0.907264693593993 0.370857182063957 0.122865759381118
50 188_INTNODE4230 2 101 0.805495300072307 0.867575663671108 0.203904555314534 0.132424336328892 0.879653841803428 0.900123216404083 0.405741802054001 0.212928925412679
50 149_INTNODE4230 4 79 0.953413903522363 0.952277657266811 0.0467926867059188 0.0477223427331887 0.896390580354657 0.908191328739417 0.16023639016883 0.106867440807671
50 47_INTNODE4266 6 317 0.481784133469527 0.67551923731699 0.524004085801839 0.32448076268301 0.813845719114262 0.875269159047874 0.636973117171199 0.394095366826984
50 179_INTNODE4222 2 203 0.0153576982892691 0.0116640746500778 0.984642301710731 0.988335925349922 0.146017806882203 0.128485988211437 0.767282452072693 0.664556579145149
50 242_INTNODE4195 19 89 0.975978738628233 0.904426045180415 0.0265767147091894 0.095573954819585 0.898543014737512 0.903801171102821 0.115850549662088 0.170902139914153
50 140_INTNODE4214 4 62 0.596730245231608 0.46866485013624 0.412125340599455 0.53133514986376 0.844114188687432 0.829597813895074 0.579830741579384 0.515754049351775
50 173_INTNODE4200 17 153 0.998794333366824 0.995579222345022 0.00120566663317593 0.0044207776549784 0.900630311681424 0.911832377376823 0.0440992363378732 0.023349391292809
50 229_INTNODE4224 2 205 0.993293293293293 0.9998998998999 0.00680680680680681 0.0001001001001001 0.90013494264823 0.912179901504137 0.0659966194486236 0.0031722152816998
50 69_INTNODE4232 34 244 0.87652591554933 0.973884330598359 0.13338002801681 0.026115669401641 0.88831709620894 0.910044975967259 0.319893745951843 0.0696187520991142
50 172_INTNODE3924 4 64 0.627272727272727 0.772727272727273 0.381818181818182 0.227272727272727 0.850570205834534 0.889221912887905 0.561116762651715 0.31298406930764
50 171_INTNODE4213 5 130 0.779180302321957 0.2625837618825 0.228143992519869 0.7374162381175 0.876093039738849 0.731738664073155 0.433085840853687 0.596474444998893
50 149_INTNODE4153 5 128 0.0190253671562083 0.145861148197597 0.982643524699599 0.854138851802403 0.162800316913206 0.602417148665045 0.766919418144061 0.631286025901971
50 147_INTNODE3927 1 76 0.372229916897507 0.25 0.639196675900277 0.75 0.771572290545658 0.721989675679792 0.681562834877876 0.600540399366953
50 213_INTNODE4196 2 141 0.000942408376963351 0.000837696335078534 0.999057591623037 0.999162303664921 0.0403210043652767 0.0241976551301357 0.769867555996802 0.666980842499341
50 188_INTNODE4062 2 101 0.0878355982764335 0.047066622472655 0.913821677162744 0.952933377527345 0.44353334241975 0.328374926986414 0.753689312211635 0.656376746013399
50 202_INTNODE3930 9 77 0.764025245441795 0.681977559607293 0.244039270687237 0.318022440392707 0.873945062388939 0.876304249726594 0.449690875797697 0.389305136943334
50 160_INTNODE4257 2 86 0.955916947939041 0.978009614401146 0.0458218267362177 0.0219903855988545 0.896633835905637 0.910390408951946 0.158131445706167 0.0643973232619068
50 171_INTNODE4257 1 111 0.969929426204357 0.980464355119157 0.0311956632913982 0.0195356448808428 0.897974800669109 0.910594701926325 0.123963422598324 0.0607716444990622
50 78_INTNODE4127 6 109 0.943796167433894 0.891553366877208 0.0571673268386682 0.108446633122792 0.895445142749658 0.902547563968404 0.18182511524744 0.184214776102448
50 66_INTNODE3936 16 74 0.256067961165049 0.536812297734628 0.763551779935275 0.463187702265372 0.699126490197544 0.847940704828873 0.718843460919753 0.48145262673366
50 15_INTNODE4236 8 266 0.0670747937183923 0.0190311418685121 0.932925206281608 0.980968858131488 0.378365222364178 0.165062642678156 0.757509972187351 0.662886650312141
50 189_INTNODE4224 19 193 0.998898898898899 0.995895895895896 0.0012012012012012 0.0041041041041041 0.900639680223724 0.911857941692081 0.0440992363378732 0.0229269290507856
50 161_INTNODE4195 5 87 0.97935193703363 0.976489829295717 0.0217724624348359 0.0235101707042829 0.898857120364196 0.910263457970241 0.10555543762568 0.0664364454454967
50 161_INTNODE4232 10 118 0.0271162697618571 0.423554132479488 0.973183910346208 0.576445867520512 0.202753135929473 0.814810055214978 0.765185807713257 0.536068617158966
50 546_INTNODE3932 21 79 0.204859456884231 0.137367000158806 0.806098141972368 0.862632999841194 0.650223785629627 0.587962267953093 0.729671506806228 0.63358635073576
50 174_INTNODE4232 6 135 0.695217130278167 0.905643386031619 0.314788873323994 0.094356613968381 0.863175987209165 0.903918054768265 0.513160272869657 0.16957022584809
50 73_INTNODE4095 3 104 0.69068660774983 0.886811692726037 0.318830727396329 0.113188307273963 0.862401990111018 0.902077521762291 0.516347023998029 0.188788747561134
50 91_INTNODE3926 2 65 0.986347772531308 0.995586121946212 0.0142681174296859 0.00441387805378772 0.899502398813162 0.911832934523519 0.0869799696027627 0.0233406783327993
50 243_INTNODE3906 2 61 0.000351741118536757 0.000351741118536757 0.999648258881463 0.999648258881463 0.0300985337623318 0.0217667669131916 0.769972256461861 0.667088837070851
50 175_INTNODE4215 7 154 0.970757505055219 0.958469435370975 0.0311090371752994 0.0415305646290247 0.898052958110886 0.908730287854211 0.123824490190028 0.0973292812125931
50 99_INTNODE3933 3 82 0.609625082218812 0.849046261784696 0.401775926331945 0.150953738215304 0.846906701575632 0.898165494674759 0.573622306193148 0.234595359857067
50 213_INTNODE4230 3 101 0.840202458423717 0.955169920462762 0.166718314223737 0.0448300795372379 0.884048686405187 0.908443873856672 0.361012919941319 0.10251983922076
50 188_INTNODE4197 1 61 0.793206793206793 0.822510822510823 0.214119214119214 0.177489177489178 0.878016845229259 0.895224382960672 0.41757992981078 0.263212047056041
50 19_INTNODE4238 23 270 0.736250305548766 0.899657785382547 0.271082864825226 0.100342214617453 0.869808769498809 0.903340592372317 0.475812800793249 0.175993811491393
50 276_INTNODE4232 11 244 0.0102061236742045 0.0127076245747448 0.990794476686012 0.987292375425255 0.124762763538173 0.134601464224018 0.768392795992391 0.6643210391113
50 18_INTNODE4224 3 205 0.0302302302302302 0.466766766766767 0.972872872872873 0.533233233233233 0.215567064638517 0.829023357212944 0.765128367602616 0.516644594543463
50 147_INTNODE4207 3 116 0.597938144329897 0.809955222326356 0.418410913256274 0.190044777673644 0.844380089074324 0.893772726694667 0.583513873783745 0.275859009833128
50 209_INTNODE4241 8 113 0.336429308565531 0.297557619539044 0.665978672170623 0.702442380460956 0.753262156756246 0.755561891154149 0.690404003508414 0.584726639278492
50 172_INTNODE4231 10 89 0.498906386701662 0.571741032370954 0.503062117235346 0.428258967629046 0.819078595274447 0.855891585232839 0.627490207186016 0.461916938589097
50 153_INTNODE4232 3 141 0.993596157694617 0.999699819891935 0.00650390234140484 0.000300180108064839 0.900162344046379 0.912163869018195 0.0655720263733037 0.00634189126759676
50 41_INTNODE3926 9 65 0.205194005337713 0.169061794292753 0.814103880106754 0.830938205707247 0.650594803835633 0.637182454811471 0.731616404737102 0.624853241792232
50 153_INTNODE4102 6 107 0.033545197740113 0.0158898305084746 0.967161016949153 0.984110169491525 0.233364934030599 0.150652245765764 0.764068525087633 0.6636007355825
50 160_INTNODE3941 13 97 0.144705481784133 0.178413346952673 0.862444671433436 0.821586653047327 0.567681853086385 0.64953473239955 0.742790302769554 0.6221964405323
50 158_INTNODE4148 15 121 0.448057813911472 0.352755194218609 0.566056910569106 0.647244805781391 0.802599493181405 0.785610385067488 0.654628150440547 0.564726916209526
50 208_INTNODE4061 7 100 0.864158829676071 0.797283176593521 0.14176245210728 0.202716823406479 0.886899557457647 0.892266242333159 0.33104323078446 0.288938331840576
50 391_INTNODE4195 2 108 0.994582438924665 0.995911274660125 0.00613308800981294 0.00408872533987529 0.90025147287479 0.911859182806307 0.0650038212219522 0.0229051686839517
50 98_INTNODE4207 2 179 0.912735603457253 0.989690721649485 0.0875767989170051 0.0103092783505155 0.892270425458756 0.911354296240925 0.246470490583108 0.0418713633399657
50 16_INTNODE4236 17 266 0.493478839499601 0.713601277615118 0.513574660633484 0.286398722384882 0.817451970919019 0.881134328462829 0.632311606052709 0.364711880942932
50 291_INTNODE4258 2 186 0.981771633384537 0.996927803379416 0.0186379928315412 0.00307219662058372 0.899081242442521 0.91194114240569 0.0975257547115989 0.0211339635779136
50 175_INTNODE3889 2 59 0.313443830570902 0.234622467771639 0.688766114180479 0.765377532228361 0.73987501266145 0.709069547977746 0.697548864371207 0.605399161241096
50 174_INTNODE4127 10 109 0.986939299860829 0.973450380044963 0.0135959747350391 0.0265496199550369 0.899556582500063 0.910008483998641 0.0852968414375787 0.0701140741954545
50 241_INTNODE3936 2 61 0.723300970873786 0.903114886731392 0.278923948220065 0.0968851132686084 0.867786109743924 0.90367496097377 0.482929197386604 0.172321934270823
50 11_INTNODE4201 5 106 0.0722853200297208 0.0223967731663305 0.932172805434667 0.97760322683367 0.396114792917779 0.188744096208535 0.757361737415086 0.66211820071305
50 258_INTNODE4258 6 302 0.721658986175115 0.602457757296467 0.285202252944188 0.397542242703533 0.867525136350242 0.862226768022124 0.488489451552068 0.443478933095141
50 466_INTNODE4200 13 131 0.109615191399578 0.0185873605947955 0.894303225158244 0.981412639405205 0.498668711012543 0.161836514216777 0.749659287059888 0.662987714841378
50 205_INTNODE4233 1 85 0.847463516330785 0.78769979152189 0.161917998610146 0.214037526059764 0.884927835267861 0.891098261777175 0.355591510406408 0.300229640906697
50 292_INTNODE4129 6 117 0.570368924458325 0.601600624634004 0.450126878781964 0.398399375365997 0.838076074245071 0.862057552236788 0.601155154229401 0.444010556755225
50 176_INTNODE4231 2 237 0.00699912510936133 0.00546806649168854 0.993110236220472 0.994531933508311 0.111857311171945 0.0789751498567353 0.768808004231225 0.665948302910225
50 70_INTNODE4232 9 244 0.00530318190914549 0.00240144086451871 0.995097058234941 0.997598559135481 0.101203153245332 0.0481485020976807 0.769163050316264 0.666632853175006
50 151_INTNODE4195 2 130 0.998262291730553 0.999182254932025 0.00204436266993765 0.000817745067975059 0.900582616067731 0.912122369174797 0.0498506137938659 0.0117457066838991
50 205_INTNODE4200 9 110 0.993569777956395 0.982718778257812 0.00753541645734954 0.0172812217421883 0.900159957959927 0.910781504836045 0.0668959306395176 0.0570198763940169
50 291_INTNODE4138 14 120 0.715374420145792 0.570245195493704 0.285619615639496 0.429754804506296 0.866516691156406 0.855568165466929 0.488854844461555 0.462783682608547
50 204_INTNODE4256 11 283 0.832978496912923 0.836810730253353 0.173089205876091 0.163189269746647 0.88316059638417 0.896830127343433 0.367978198485571 0.248124166696766
50 142_INTNODE4238 3 270 0.284649230017111 0.108408702028844 0.720117330725984 0.891591297971156 0.720905275196359 0.529665126754415 0.706856461708821 0.641217398196601
50 278_INTNODE4195 11 130 0.257794132679137 0.0907697025452315 0.763671675355208 0.909230297454768 0.700537813302243 0.485308537177903 0.718875192930749 0.645711781766903
50 99_INTNODE4207 6 116 0.714776632302406 0.923149015932521 0.298864938040196 0.0768509840674789 0.866419967623937 0.905567997173725 0.500185710244382 0.148827427287479
50 402_INTNODE3937 2 93 0.708954053630234 0.811510114473891 0.292300454759291 0.188489885526109 0.865470476133311 0.893954679128427 0.494633533535695 0.274321960974059
50 66_INTNODE4232 9 181 0.829797878727236 0.995997598559135 0.177006203722233 0.00400240144086452 0.882765253633467 0.911866148765454 0.372136015607619 0.0227807186335396
50 315_INTNODE4207 2 179 0.188899302301364 0.345933562428408 0.815786733312507 0.654066437571592 0.63155950364059 0.782303079221432 0.732021679448967 0.56730230481359
50 78_INTNODE4232 1 135 0.992295377226336 0.999899939963978 0.00780468280968581 0.000100060036021613 0.900044550520482 0.9121799047139 0.067191034554032 0.0031722152816998
50 209_INTNODE4201 12 139 0.981424477231716 0.980575310476595 0.0186816686126738 0.0194246895234052 0.899049148482244 0.910603914057022 0.0976160996351484 0.0605970644938629
