depth_restriction ancestor_site_node number_of_mutations_in_the_subtree maxdepth epistasis_(median)_pvalue epistasis_(mean)_pvalue env_(median)_pvalue env_(mean)_pvalue epimed_FDR epimean_FDR envmed_FDR envmean_FDR
50 396_INTNODE2472 5 70 0.266687925170068 0.0917304421768707 0.751062925170068 0.908269557823129 0.49523738909817 0.340206209229007 0.714349960296013 0.649680165793749
50 435_INTNODE2390 8 159 0.991491491491492 0.999399399399399 0.0112112112112112 0.000600600600600601 0.784837003206105 0.848890412565795 0.0580432745838204 0.00312584844632589
50 432_INTNODE2390 10 163 0.959359359359359 0.912412412412412 0.0415415415415415 0.0875875875875876 0.779221524914382 0.836834647495906 0.134926811995343 0.151882533459934
50 390_INTNODE2384 2 218 0.10501002004008 0.787174348697395 0.900801603206413 0.212825651302605 0.278668802709424 0.815660649609567 0.749960411087346 0.302919401390596
50 173_INTNODE2471 2 79 0.0247371056584877 0.0118177265898848 0.981672508763145 0.988182273410115 0.0861366162783107 0.0670878571800641 0.765733327543942 0.668622098213392
50 105_INTNODE2383 2 78 0.539806996381182 0.500482509047045 0.478407720144753 0.499517490952955 0.665094667775073 0.737756997586507 0.614336942036962 0.504933602361636
50 270_INTNODE2384 4 159 0.978657314629259 0.995390781563126 0.0213426853707415 0.00460921843687375 0.782628689732636 0.848374138296028 0.0782787019901331 0.0142015466360296
50 34_INTNODE2390 3 63 1 0.9998998998999 0 0.0001001001001001 0.786276452236194 0.848954625791971 0 0.000833184183551635
50 254_INTNODE2391 3 91 0.554887371317908 0.193456324533687 0.483436958515951 0.806543675466313 0.671203860224367 0.520943253316948 0.616811644416173 0.622189153135242
50 388_INTNODE2390 2 52 0.997597597597598 0.997697697697698 0.0027027027027027 0.0023023023023023 0.785871974580575 0.848671678617486 0.025773071427991 0.00895227562523387
50 263_INTNODE2455 8 126 0.162070003008725 0.268679169591816 0.859693110019055 0.731320830408184 0.373530175438248 0.601636436727601 0.741099600208048 0.598914611220441
50 101_INTNODE2455 2 126 0.606057566944138 0.939324039715174 0.423127068498646 0.060675960284826 0.690368963696194 0.840764959877721 0.584867760912477 0.119913058142743
50 254_INTNODE2471 2 79 0 0 1 1 0 0 0.769035195835216 0.671250805942004
50 220_INTNODE2455 1 67 0.600140407180824 0.897402467154749 0.429846555009528 0.102597532845251 0.68826778805453 0.834557056033936 0.588688033088657 0.17320317241861
50 105_INTNODE2390 1 163 0.00830830830830831 0.565065065065065 0.993993993993994 0.434934934934935 0.044030045558335 0.760552538391379 0.767963458495053 0.470357023522565
50 427_INTNODE2455 3 126 0.205295356533948 0.00521512385919166 0.834018654096881 0.994784876140808 0.430286957876002 0.039214738414684 0.735239741032789 0.670095925232375
50 332_INTNODE2459 4 105 0.01824569356301 0.0775158658204896 0.983794197642792 0.92248413417951 0.0734914836644623 0.303487127059878 0.766120393500099 0.653206228726608
50 95_INTNODE2471 6 79 0.99849774661993 0.999098647971958 0.00160240360540811 0.000901352028042063 0.786023706335776 0.848851800483776 0.0191007239426273 0.00416800700735145
50 352_INTNODE2472 2 70 0.664540816326531 0.912627551020408 0.340454931972789 0.0873724489795918 0.709707963019818 0.836866836614163 0.531308703680301 0.151655133660418
50 52_INTNODE2390 8 163 0.0174174174174174 0.632632632632633 0.982782782782783 0.367367367367367 0.0715870273835254 0.780513306223776 0.76593603776656 0.428604944748222
50 57_INTNODE2390 4 163 0.641941941941942 0.997397397397397 0.456256256256256 0.0026026026026026 0.702528530049342 0.848633012757604 0.603045441007 0.00978618774312582
50 86_INTNODE2384 7 218 0.945090180360721 0.99939879759519 0.0574148296593186 0.000601202404809619 0.776632726987755 0.848890335322639 0.171096845987236 0.00312757139041114
50 80_INTNODE2455 3 126 0.992077023367766 0.9949854578277 0.00962792097081536 0.00501454217229967 0.784936683052905 0.848321739756568 0.0532726271713166 0.0149066399588823
50 250_INTNODE2456 13 117 0.79071233452406 0.931077957554108 0.237760033620509 0.068922042445892 0.744179083256694 0.839580929569396 0.441858708177417 0.130380297518927
50 64_INTNODE2471 1 79 0.00160240360540811 0.000600901352028042 0.998698047070606 0.999399098647972 0.0156231595516936 0.00632580662639274 0.768803711099809 0.671118149633269
50 248_INTNODE2384 3 96 0.740981963927856 0.73186372745491 0.27625250501002 0.26813627254509 0.731617789660089 0.804453445487254 0.479120010849771 0.353792006864618
50 232_INTNODE2384 3 218 0.0732464929859719 0.663226452905812 0.929759519038076 0.336773547094188 0.212269420900995 0.788496558805888 0.755846667094161 0.407454878148309
50 200_INTNODE2384 3 118 0.983667334669339 0.992384769539078 0.0171342685370741 0.00761523046092184 0.783496111431379 0.84798467018316 0.0715035199144562 0.0211284822818886
50 382_INTNODE2390 6 137 0.958658658658659 1 0.0468468468468468 0 0.779095801506111 0.848967461888865 0.147718536819733 0
50 222_INTNODE2391 10 130 0.788400774640709 0.890531036591581 0.213739679951075 0.109468963408419 0.743621325019276 0.833493039616088 0.415779100642607 0.182684212338842
50 344_INTNODE2390 6 144 0.999199199199199 0.9998998998999 0.000800800800800801 0.0001001001001001 0.786141796244417 0.848954625791971 0.0127274426804894 0.000833184183551635
50 250_INTNODE2390 3 52 0.997297297297297 0.996596596596597 0.0043043043043043 0.0034034034034034 0.785821307201821 0.84852980713246 0.0329381502703406 0.0117627656446052
50 287_INTNODE2390 3 163 0.995695695695696 1 0.00530530530530531 0 0.785550675707944 0.848967461888865 0.0361368461821039 0
50 84_INTNODE2390 13 163 0.0024024024024024 0 0.998398398398398 1 0.0181540479835146 0 0.768750368438708 0.671250805942004
50 386_INTNODE2455 5 126 0.0516497843746866 0.177113629525624 0.955270283823087 0.822886370474376 0.159675545859758 0.498890448049191 0.760807270668229 0.626892983355029
50 434_INTNODE2454 2 144 0.0438667749796913 0.0537774167343623 0.957920389926889 0.946222583265638 0.140160919524969 0.232120515284549 0.761311054186385 0.658939145399846
50 14_INTNODE2455 2 126 0.0134389730217631 0.045532042924481 0.986661317821683 0.954467957075519 0.0612382468993315 0.204134831697584 0.766641423141645 0.66088633231615
50 34_INTNODE2459 2 105 0.43982320942883 0.628286491387126 0.565616500453309 0.371713508612874 0.618041271269705 0.77933005833607 0.653176733471444 0.431487650671143
50 336_INTNODE2457 3 113 0.329355608591885 0.522805621850968 0.687748607796341 0.477194378149032 0.547855034846125 0.746111530319243 0.696046025679919 0.493504451648661
50 366_INTNODE2455 8 126 0.672149232775048 0.947848761408083 0.329555711563534 0.0521512385919166 0.712047731026511 0.841970764143393 0.523198716808662 0.108060472206666
50 163_INTNODE2390 2 51 0.921321321321321 0.471771771771772 0.106206206206206 0.528228228228228 0.772182963062215 0.726167802046662 0.262458742844116 0.518896215070026
50 430_INTNODE2475 3 66 0.00270495214315439 0.0139409071993342 0.997503121098627 0.986059092800666 0.0188377272606377 0.0733793349289711 0.768590846812896 0.668145361609326
50 332_INTNODE2384 2 118 0.984869739478958 0.99939879759519 0.0151302605210421 0.000601202404809619 0.78370326349653 0.848890335322639 0.0675748477262227 0.00312757139041114
50 455_INTNODE2390 7 163 0.000800800800800801 0.255155155155155 0.999299299299299 0.744844844844845 0.0111562074035372 0.589195858335497 0.768910670230028 0.603308164050722
50 16_INTNODE2390 11 163 0.18978978978979 0.00810810810810811 0.855655655655656 0.991891891891892 0.411150069249091 0.0533472796997733 0.740195351960359 0.669451772720674
50 274_INTNODE2539 2 59 0.903455157789697 0.964325807658725 0.0990395409754272 0.0356741923412748 0.768719752139352 0.844250393720096 0.251044092335043 0.0815585308756074
50 369_INTNODE2384 2 59 0.42685370741483 0.434669338677355 0.604909819639279 0.565531062124249 0.61095093204038 0.709582223568771 0.668231117887572 0.535902518931093
50 70_INTNODE2391 1 150 0.0231372948731016 0.0523901742941596 0.977881969218224 0.94760982570584 0.0833494284650888 0.227558866166093 0.765038609697132 0.659268312854902
50 367_INTNODE2459 4 101 0.899478694469628 0.951382592928377 0.110720761559383 0.0486174070716228 0.767934572798553 0.842465279850788 0.269359917228519 0.102803392326873
50 388_INTNODE2384 2 59 0.42685370741483 0.434669338677355 0.604909819639279 0.565531062124249 0.61095093204038 0.709582223568771 0.668231117887572 0.535902518931093
50 339_INTNODE2391 3 150 0.981653246356131 0.976964631536031 0.0203852818265213 0.023035368463969 0.783148230940226 0.845954913302895 0.0768856605679716 0.0571979336217063
50 454_INTNODE2453 3 147 0.596060943887031 0.752136752136752 0.41917502787068 0.247863247863248 0.686802490226291 0.808715980229243 0.582587557111076 0.336031368973521
50 248_INTNODE2479 10 64 0.476756756756757 0.586306306306306 0.535855855855856 0.413693693693694 0.636886555215358 0.767208007782855 0.640832974656859 0.457904451177981
50 93_INTNODE2471 5 79 0.00150225338007011 0 0.998898347521282 1 0.0152173631997016 0 0.768839354333313 0.671250805942004
50 15_INTNODE2471 9 79 0.00420630946419629 0.00260390585878818 0.996895343014522 0.997396094141212 0.0256317461394973 0.0228431905953071 0.76848242667823 0.670675187695877
50 307_INTNODE2390 5 163 0.999299299299299 1 0.000700700700700701 0 0.786158637521998 0.848967461888865 0.012148922558649 0
50 248_INTNODE2391 6 91 0.894608092956885 0.966160432167975 0.120477015594741 0.0338395678320253 0.766965545357214 0.844500154725793 0.28629951133132 0.078264822955839
50 388_INTNODE2456 4 117 0.106640050430763 0.202248371506619 0.899663794914898 0.797751628493381 0.281775603912798 0.532022804689004 0.749723329049343 0.619609183654028
50 23_INTNODE2471 8 79 0.43415122684026 0.726790185277917 0.5678517776665 0.273209814722083 0.614972489652366 0.803356813597631 0.65406968656731 0.358089136441176
50 369_INTNODE2390 2 163 0 0 1 1 0 0 0.769035195835216 0.671250805942004
50 263_INTNODE2390 2 51 0.921321321321321 0.471771771771772 0.106206206206206 0.528228228228228 0.772182963062215 0.726167802046662 0.262458742844116 0.518896215070026
50 270_INTNODE2471 5 79 0.894441662493741 0.338507761642464 0.14772158237356 0.661492238357536 0.766932290279885 0.655502956528565 0.329697270017332 0.574586908470832
