depth_restriction ancestor_site_node number_of_mutations_in_the_subtree maxdepth epistasis_(median)_pvalue epistasis_(mean)_pvalue env_(median)_pvalue env_(mean)_pvalue epimed_FDR epimean_FDR envmed_FDR envmean_FDR
150 84_INTNODE2390 13 163 0.0004004004004004 0.0003003003003003 0.9995995995996 0.9996996996997 0.00122195479282563 0.00240292874609524 0.684238195672484 0.643882304031857
150 287_INTNODE2390 3 163 0.994994994994995 1 0.00920920920920921 0 0.609172485128989 0.889147872469086 0.0315104473665871 0
150 455_INTNODE2390 7 163 0.0001001001001001 0.305005005005005 0.9998998998999 0.694994994994995 0.00045823304730961 0.709846640017212 0.684303090089874 0.55692817192438
150 16_INTNODE2390 11 163 0.226326326326326 0.0172172172172172 0.831931931931932 0.982782782782783 0.261743811383942 0.121342402197775 0.64329947020012 0.639959382309989
150 369_INTNODE2390 2 163 0 0 1 1 0 0 0.684324715635229 0.643951169619497
150 307_INTNODE2390 5 163 0.9998998998999 1 0.0001001001001001 0 0.610342611830749 0.889147872469086 0.00102751458804088 0
150 270_INTNODE2384 4 159 0.995764421137555 0.985175473981444 0.00423557886244453 0.0148245260185559 0.609356505930007 0.887667191731937 0.0217388347544471 0.0261115940451198
150 390_INTNODE2384 2 218 0.0790641387656313 0.717426381605486 0.925877369907221 0.282573618394514 0.110205555095184 0.851950467050279 0.667456812357165 0.338214505301001
150 435_INTNODE2390 8 159 0.981981981981982 0.998498498498498 0.0277277277277277 0.0015015015015015 0.606033738361818 0.888999680730765 0.056924308177465 0.00432481044396032
150 432_INTNODE2390 10 163 0.9005005005005 0.91051051051051 0.101001001001001 0.0894894894894895 0.585173529056704 0.879564927297331 0.17962261107345 0.139304442022776
150 105_INTNODE2390 1 163 0.0031031031031031 0.590990990990991 0.997597597597598 0.409009009009009 0.00710261223329895 0.825794731165013 0.683804883483408 0.425199859636612
150 86_INTNODE2384 7 218 0.981444130697862 0.997781363453005 0.0206736587333602 0.00221863654699476 0.605902923012046 0.888928762687351 0.0500718252821691 0.0053576009977419
150 57_INTNODE2390 4 163 0.592692692692693 0.995995995995996 0.481481481481481 0.004004004004004 0.481451881016216 0.88875181205014 0.510706094054776 0.00773514918461858
150 52_INTNODE2390 8 163 0.00680680680680681 0.656556556556557 0.993293293293293 0.343443443443443 0.0124639388868214 0.840415116211586 0.682869223271218 0.38315508394411
150 232_INTNODE2384 3 218 0.0492133924969746 0.599737797498991 0.952803549818475 0.400262202501008 0.0750955053650675 0.827898152616031 0.673788846528383 0.419925208382638
