depth_restriction ancestor_site_node number_of_mutations_in_the_subtree maxdepth epistasis_(median)_pvalue epistasis_(mean)_pvalue env_(median)_pvalue env_(mean)_pvalue epimed_FDR epimean_FDR envmed_FDR envmean_FDR
100 52_INTNODE2390 8 163 0.0139139139139139 0.629229229229229 0.986186186186186 0.370770770770771 0.0605563757009774 0.820815366134584 0.744690882609027 0.37312676343091
100 57_INTNODE2390 4 163 0.648548548548549 0.995995995995996 0.446246246246246 0.004004004004004 0.665355312470682 0.878801469064789 0.568938096727769 0.011314932151849
100 250_INTNODE2456 13 117 0.78229143977347 0.91374428229144 0.256262252232629 0.0862557177085602 0.705731525441769 0.869317371852357 0.43115271538015 0.122906216392036
100 80_INTNODE2455 3 126 0.995164702326987 0.989322050972096 0.00594338672307847 0.0106779490279037 0.753138791180507 0.878083545629309 0.0358622710936708 0.0221310030004409
100 86_INTNODE2384 7 218 0.954490777866881 0.998997594226143 0.0478147554129912 0.00100240577385726 0.745298584907136 0.879121605000638 0.12418752466179 0.00380888839920077
100 232_INTNODE2384 3 218 0.0687650360866079 0.655272654370489 0.933440256615878 0.344727345629511 0.174409619747657 0.826702802547652 0.734100196696088 0.356254904118883
100 270_INTNODE2384 4 159 0.98406174819567 0.993985565356856 0.0159382518043304 0.00601443464314354 0.751046914336224 0.878586096341932 0.0489677680209827 0.015235553596803
100 432_INTNODE2390 10 163 0.951751751751752 0.905705705705706 0.0488488488488488 0.0942942942942943 0.744752681353319 0.868310243471718 0.126240077372645 0.131473880314968
100 390_INTNODE2384 2 218 0.100641539695269 0.778167602245389 0.905372894947875 0.221832397754611 0.23578660120215 0.849965150248874 0.728098387457488 0.262602036546621
100 435_INTNODE2390 8 159 0.988988988988989 0.998298298298298 0.0145145145145145 0.0017017017017017 0.751979601293549 0.879047172684251 0.0479457692019356 0.00554231661430505
100 427_INTNODE2455 3 126 0.238541351868641 0.00735368187770726 0.798629998992646 0.992646318122293 0.422396715449528 0.0683648853251427 0.702565951941129 0.614428113539136
100 105_INTNODE2390 1 163 0.00490490490490491 0.564164164164164 0.995995995995996 0.435835835835836 0.0341047733494228 0.80419635284914 0.746568204780343 0.411650979865278
100 101_INTNODE2455 2 126 0.567341593633525 0.920620529868037 0.45008562506296 0.0793794701319633 0.634941808329992 0.870166730639438 0.571037860155244 0.11637268873199
100 263_INTNODE2455 8 126 0.197642792384406 0.268258285484033 0.83146972902186 0.731741714515967 0.377300131887611 0.661354482784645 0.710917422900521 0.540167619286515
100 332_INTNODE2459 4 105 0.0198860332596814 0.0803581811838586 0.981858355622747 0.919641818816141 0.0693511424217141 0.369090566635259 0.743853786522426 0.596180175162955
100 339_INTNODE2391 3 150 0.990918472652219 0.975025799793602 0.00990712074303406 0.0249742002063983 0.752342935619661 0.876516691462244 0.0432467008158091 0.0474478219929993
100 367_INTNODE2459 4 101 0.899406907779974 0.94371438539365 0.110826840330271 0.0562856146063496 0.733851166068951 0.872940219116805 0.246868878232086 0.0913733350234727
100 70_INTNODE2391 1 150 0.0166150670794634 0.0608875128998968 0.984313725490196 0.939112487100103 0.0650199650430099 0.307126853488447 0.744329380649558 0.601213788025096
100 454_INTNODE2453 3 147 0.578903996703749 0.751957148743304 0.436753193242686 0.248042851256696 0.639605348716667 0.845543245177545 0.563656997087956 0.284793161063645
100 307_INTNODE2390 5 163 1 1 0.0001001001001001 0 0.754038847712114 0.879228140371976 0.00138393805251664 0
100 369_INTNODE2390 2 163 0 0 1 1 0 0 0.747326548358985 0.616175200060974
100 388_INTNODE2456 4 117 0.100522761925506 0.198867349161403 0.906011762143324 0.801132650838597 0.235573879139674 0.591464738388773 0.7282380120376 0.562574312288858
100 344_INTNODE2390 6 144 1 0.9998998998999 0 0.0001001001001001 0.754038847712114 0.87921751020542 0 0.00057053259264905
100 222_INTNODE2391 10 130 0.781940144478844 0.884210526315789 0.220330237358101 0.115789473684211 0.705638237681319 0.865539322172928 0.394550624659438 0.156746671233697
100 200_INTNODE2384 3 118 0.987770649558941 0.989975942261427 0.0131315156375301 0.0100240577385726 0.751749630434793 0.878154261036762 0.0467943038568942 0.0213192574933074
100 382_INTNODE2390 6 137 0.951151151151151 1 0.0562562562562563 0 0.744632665257013 0.879228140371976 0.14265225318433 0
100 386_INTNODE2455 5 126 0.0503676840938854 0.182834693260804 0.958698499043014 0.817165306739196 0.1405230047615 0.571008808822312 0.739279216754096 0.567444245792722
100 287_INTNODE2390 3 163 0.995595595595596 1 0.00650650650650651 0 0.753219266185872 0.879228140371976 0.0372377149623985 0
100 84_INTNODE2390 13 163 0.0011011011011011 0 0.999199199199199 1 0.010240033734362 0 0.747175242931125 0.616175200060974
100 336_INTNODE2457 3 113 0.328761126513936 0.504450605574201 0.688749452794397 0.495549394425799 0.501961597875604 0.785978969043954 0.670738388833163 0.443062272505408
100 366_INTNODE2455 8 126 0.62405560592324 0.929082300795809 0.37775763070414 0.0709176992041906 0.656729732811783 0.871196901812549 0.527697070218874 0.107796001887507
100 434_INTNODE2454 2 144 0.0358705161854768 0.0523184601924759 0.965529308836395 0.947681539807524 0.110596753967441 0.281861550507334 0.740645348812934 0.603389534560782
100 14_INTNODE2455 2 126 0.0110808905006548 0.0512743024075753 0.989019844867533 0.948725697592425 0.0546557048694484 0.27854592614467 0.745236015882939 0.60365303237865
100 34_INTNODE2459 2 105 0.436097220607047 0.624026049540644 0.569717409001047 0.375973950459356 0.572089210975558 0.819590851526379 0.627566109224901 0.376392125368116
100 332_INTNODE2384 2 118 0.988773055332799 0.998997594226143 0.0112269446672013 0.00100240577385726 0.751938873240118 0.879121605000638 0.0448755187958394 0.00380888839920077
100 16_INTNODE2390 11 163 0.193793793793794 0.00980980980980981 0.855055055055055 0.99019019019019 0.372690827747125 0.0797818127374571 0.716631758909811 0.613841038460632
100 455_INTNODE2390 7 163 0.0004004004004004 0.261861861861862 0.9995995995996 0.738138138138138 0.00558547294601565 0.655928643886596 0.747250918289381 0.542328653658694
