obs,exp
136.5,125
115.5,103 
116,119
119.5,122
132.5,127
117.5,109
117.5,119
137,134
122,118
111.5,115
99.5,94
124.5,124
112,108
118,114
116,113
124,121
123.5,122
120,119
121.5,120
119,123
118.5,119
122,122
151,149
135,133
139.5,129
144,149
105,105
132.5,134
124.5,121
123.5,126
129,126
119.5,119
119,118
145,141
121.5,115
113,116
145,135
129,127
154,140
125.5,126
118.5,121
132,131
108.5,99
141,134
131,132
114,114
109,110
135,120
123.5,126
113,116
118.5,112
88.5,95
119.5,115
150,143
121.5,115
142,141
131.5,127
142.5,133
100.5,103
122.5,124
125.5,127
131.5,124
135,129
98,102
141.5,137
112.5,103
137.5,135
136.5,138
124.5,124
100.5,99
119,121
137.5,129
122.5,124
121.5,116
130.5,138
143.5,153
126.5,123
148.5,143
124,124
129.5,125
104,104
146.5,143
116,110
114.5,106
139,139
121.5,120
121.5,119
112,111
166.5,162
117.5,121
122,121
109,114
132,131
143.5,137
132.5,126
146.5,152
115.5,116
104.5,109
115.5,116
129,127
131.5,134
120.5,110
119,124
116,114
118,120
117,119
132,126
130.5,124
156,142
132.5,137
127,127.5
126.5,123
133.5,127
149.5,146
124,123
117,112
130.5,126
118,121
146.5,142
156,146
117.5,115
136,130
142.5,134
131.5,127
145.5,129
151,139
159,152
122,118
147.5,136
106.5,109
136.5,137
105.5,106
106.5,107
126.5,123
122.5,121
118,118
153,145
121.5,120
112.5,117
114,110
144,139
120,122
135.5,136
113,111
154.75,139
122,123
119,121
115.5,114
99.5,101
132.5,131
128.5,125
114.5,114
161.5,144
109.5,109
135,128
102.5,108
129,127
91,91
117.5,111
131.5,129
124,119
123,123
119,121
119.5,122
121,120
139.5,139
123.5,124
114.5,110
130.5,125
120.5,121
119,109
131,129
134.5,131
121.5,130
122.5,122
126.5,126
118,118
134,130
109,103
123.5,124
112,109
139.5,129
113,110
119.5,115
102.5,116
121,116
123,123
102.5,101
132,127
122,122
107,103
134,128
105,107
165,158
135,134
127.5,126
160.5,161
146.5,142
122,119
94,95
133.5,127
154.5,139
120,120
118,115
155.5,139
118,119
123.5,121
86.5,90
149.5,141.5
136,133
139,133
151,149
161,157
120,121
141.5,139
166.5,161
116.5,108
129.5,128
122.5,126
122,122
139,139
135.75,126
114,114
107.5,106
129,129
125,126
113.5,115
137,143
114.5,109
122.5,123
118.75,117
138,136
137.5,141
129,127
159,162
149.75,144
111,103
119.5,119
140,130
127,123
118.5,116
122.5,124
86,87
134,129
129.5,128
171,161
128,123
116.5,121
132,131
136.5,139
127.5,127
101.5,98
119.5,125
156,142
135,124
113,113
116.5,112
158,139
116.5,112
110.5,106
137.5,130
111.5,113
120,121
126,130.5
99.5,100
120.5,123
112.5,113
129.5,125
129,121
116.5,115
118.5,115
117.25,120
143.5,142
113,117
137.5,136
119.5,122
146.5,136
117.5,118
126.5,126
111,114
137.5,137
151,135
120,119
168,157
155.5,150
125,122
111,108
122.5,126
119,121
132.5,127
123,125
125,125
117,118
125,121
106.5,107
113,113
135.5,129
122,121
118.5,119
111.5,105
160.5,158
128.5,126
120,121
159.5,160
103,102
145.5,133
122.5,124
104,100
118.5,119
86.5,89
101,94
121.5,125
115.5,115
135.5,137
149.5,134
149.5,138
107.5,103
129,126
117.5,117
123.5,124
132.5,132
151,136
151,139
106.5,103
126.5,126
120.5,121
131,126
116.5,113
137.5,128
119.5,112
122,123
151.5,140
158.5,145
161,160
139.5,133
109.5,113
144,137
113,108
134,127
164,162
129,123
121,121
108.5,107
114,102
111,115
119.5,114
118,119
123,124
127,131
109.5,101
85,88
122,123
116.5,115
130,130
129.5,127
132.5,126
129,125
137.5,139
125.5,121
132,123
153.5,137
158,136
140.5,130
145,138
122.5,123
92,92
119.5,120
110,109
125,125
123.75,122
143.5,141
100.5,103
113.5,112
126.5,121
113.5,109
124,120
155.5,147
117.5,118
118,115
134.5,128
115.5,112
110.5,103
133.5,128
118,112
121.5,122
122,124
135.5,126
121.5,119
122.5,123
102.5,103
109.5,109
126,126
114.5,109
120,120
148.5,142
121.5,122
132.5,130
112,113
109,108
123.5,121
169,163
115.5,99
121,121
116.5,104
129.5,126
105.5,102
123.5,123
109,107
124,122
118.5,118
125,125
113,117
117.5,121
129,123
116.5,121
136.5,133
137.5,138
122,123
139,136
157,145
119.25,119
145,138
110,115
121,121
170,162
124.5,124
162.5,152
147.5,145
120.5,115
122,123
119.5,121
126,121
107.5,108
122.5,121
118,118
119.5,117
124,123
135,130
115.5,109
115.5,114
138,137
113,106
120.5,120
125.5,125
104.5,104
137,137
114.5,113
130.5,123
131,129
154,134
110.5,108
112,115
156,145.5
145.5,131
119,111
137.5,136
132,136
122.5,125
122,110
131.5,136
117.5,117
125,124
139,141
153.5,142
148.5,141
95.5,94
114,110
137.5,128
125,127
130.5,126
104,101
92.5,93
114.5,114
94,93
148.5,151
130.5,134
114.5,114
113.5,108
154.5,157
132.5,135
100,107
112.5,102
112.5,100
136.5,129
119,110
154,137
137,136
108.5,106
130.5,126
107.75,106
133.5,132
129,127
119,115
135.5,133
132.5,126
124.5,125
127,120
122,122
124.5,123
124,124
128.5,124
120,119
131,115
112,119
134,136
124.5,122
110.5,110
123.5,124
136,136
146.5,134
98.5,96
122.5,127
127,130.5
121,122
130.5,130
127,120
121,120
126.5,123
116.5,116
114,116
133.5,124
121,123
153.5,139
122,121
108.5,103
130,127
127.5,127
116,115
148,125
124,124
110.5,106
132,129
141.5,143
109,103
152.5,139
138.5,134
116.5,115
120,121
125.5,127
125,127
112.5,106
132.5,128
117,117
160.5,152
138,132
155,160
120,118
132.5,123
141,134
107.5,108
156.5,150
125,122
126.5,123
158.5,145
119.5,119
123,122
120,119
125,124
111.5,110
131.5,131
128.5,127
120,122
120,118
137,127
155.5,139
160,152
139.5,131
125,124
122,119
153.5,145
113.5,109
137.5,138
139.5,139
134.5,130
150.5,137
112.5,114
119.5,120
136.5,128
160,151
125.5,114
144,150
151.5,137
131.5,127
117.5,109
128.5,125
113.5,119
149.5,139
113,112
119.5,121
117,114
116.5,116
160.5,155
141.5,136
125.5,127
163,161
117.25,114
107,110
152,145
122.5,124
123,124
145,137
124.5,121
116,123
120,115
124.5,126
158.5,138
128,127
176,172
124,127
164.5,162
120,114
139.5,127
129.5,122
122.5,122
113,115
118,119
129.5,130
128.5,132
123.5,127
118,119
142,135
128,132
120.5,118
117.5,120
107,108
118,118
115.5,113
146.5,140
115.5,115
130,127
153.5,144
115.5,114
139.5,127
119.5,119
125,121
123.5,124
139.5,139
122.5,123
129,127
124,124
122,120
116,117
145,136
119,114
123.5,123
112,107
110.5,111
127.5,119
126.5,121
128,127
179,164
115.5,110
131.5,129
139.5,128
130,123
125.5,132
98,102
122,123
83.5,84
133.5,126
115.5,111
154,142
118,115
133.5,130
122,122
122,122
111.5,103
111,109
147.5,141
119,122
107,105
119.5,118
120.5,121
146,141
117.5,118
118,115
121,123
122,124
138,136
159,146
130,122
137.5,136
116.5,119
152,143
117.5,116
123,114
148,143
96.5,100.5
108.5,108
98,95
89.5,90
117,114
138,141
127.75,127
119,113
110.5,104
121.5,119
123,122
127,125
132.5,126
133,134
132.5,127
135.5,128
125,122
185,174
121,119
145,132
123,119
147.5,142
129,123
120.5,119
88.5,93
141.5,145
136.5,138
115.5,111
137.5,132
120.5,120
124,124
118.5,116
149.5,146
123.5,123
122,120
121.5,122
105.5,106
157.5,151
108.5,101
106.5,106
134,136
130.5,125
139.5,127
121.5,122
142.5,139
122.5,124
147.5,142
147.5,136
152.5,139
123,123
126,124
125,123
136.5,127
114.5,106
119,119
116.5,116
121,120
107,101
122.5,120
142,136
107.5,110
146,143
134.5,127
139.5,140
122,122
110,111
152.5,139
135,132
97,98
124,122
118.5,107
121.5,121
118.5,118
118.5,120
125,123
125.5,120
132.5,131
122,123
113,107
97.5,96
122,121
133.5,128
122,123
131.75,122
118.5,117
137,129
128,127
102.5,102
137,142
111.5,115
118.5,126
123,121
111,102
86.5,94
95,94
119.75,119
155.5,138
125,125
120,120
113,109
125.5,127
148,137
140.5,138
116,116
126.5,126
138,137
118,111
124,123
174.5,175
132.5,130
129,127
124,122
145.5,139
111.5,113
118,118
111.5,118
113,114
137.5,137
106.5,103
114.5,109
105,107
98,98
122.5,120
104.5,109
118.5,111
114,113
160.5,159
87.5,88
122.5,122
114,113
118,112
116.5,121
92.5,97
132,137
114.5,112
120.5,124
108.5,105
99.5,100
126.25,124
122.5,123
99.5,98
120,121
100.5,101
153,152
134.5,132
117,117
100.5,97
118.5,122
119.5,119
97,96
85,86
121.5,121
153,139
129.5,123
116,116
124.5,115
120,119
106.5,104
92.5,98
123,125
110.5,115
113.5,112
135.5,134
130.5,124
118,113
100.5,100
123,123
135.5,136
117,113
121.5,120
122.5,120
118,117
125.5,126
145.5,139
140,140
112.5,119
140.5,136
116.5,118
124,124
128.5,122
120.5,121
121,120
131,123
98.5,103
125,130
123.5,123
131.5,136
101,107
99.5,98
141.5,138
101.5,103
121.5,120
109.5,103
132,130
153.5,157
137,136
139,136
119,121
120,120
137.5,139
152.5,155
131.5,126
120,120
119.5,123
124,116
119,118
141.5,141
127,127
108.5,101
114.5,103
103,103
120,119
126.5,122
161,159
147.5,139
122,119
99,100
119,121
110,111
113,109
137,131
122,122
130,127
129,123
148.5,137
149.5,142
97,98
118,120
118,116
122,121
161.5,157
128.5,123
112.5,111
120,121
114,111
132,124
117.5,115
118,119
143.5,128
118,109
114,118
135,126
117.5,113
114.5,113.5
121.5,122
122.5,126
118.5,120
135.5,136
121,121
133,136
115,119
123,121
158.5,141
117,111
95,97
100,100
140.5,137
120,118
119.5,120
121.5,121
122.5,124
140.5,137
107.5,107
144,134
119,119
150,139
137.5,134
122,121
124,122
120.5,123
110,105
139.5,129
156,143
129.5,127
120,121
122.5,123
124,116
114,110
132,126
143.5,141
122,121
113,118
119.5,121
117.5,116
140,131
165.5,165
116,110
134,130
154,151
122,119
136.5,136
119,116
121.5,123
106,111
135.5,137
122,123
118.5,112
111.5,113
131.25,123
120.5,115
117.5,116
120.5,113
141,137
125.5,123
120.5,122
83,84
141.5,130
138,137
108,104
127,126
120.5,122
110.5,106
122.5,122
118.5,117
107.5,102
136.5,132
129.5,126
130.5,123
100.5,102
115,107
122.5,124
109,98
115,111
114,114
161.5,157
132.5,129
132,127
118.5,119
118.5,117.5
118,121
143.5,138
126.5,126
114,115
131.5,128
109,102
140.5,130
126,125
118.5,113
139,136
117.5,120
125,126
139.5,145
165,147
124,126
174.5,163
113.5,112
130,125
153.5,142
118,109
136.5,137
148,144
142.5,136
119,118
119.5,108
109,102
135,133
107.25,106
122.5,123
117,111
121,125
158.5,146
136,136
120,118
126.5,125
119,121
154,138
108.5,111
162.5,158
120,122
128,127
115,112
122,122
137,132
116,107
154,139.5
148.5,146
149.5,138
121.5,121
124,121
124.5,122
120.5,120
139.5,137
120,121
124.5,126
122,123
137.5,135
122,120
133,122
121.5,122
107,105
125,125
122.5,123
112,110
150,145
121.5,119
118.5,119
134,135
116.5,115
109,109
124,126
106.5,104
134.5,134
99.5,97
121,121
122,122
116.5,114
122,125
126.5,127
119,119
120.5,120
118.5,118
130.5,127
146,137
123.5,124
120.5,113
118,117
123,125
116,121
121.5,114
101,99
121.5,123
171,167
128.5,130
109,104
126,124
138,137
131,122
125.5,121
107.5,108
122.5,122
134.5,132
122.5,121
152,158
147.5,137
104.5,109
135,129
151,143
139.5,141
119,117
108.5,103
128.5,132
132,129
127.5,125
147.5,137
120,108
121.5,122
133.5,132
106.5,107
124.5,123
121.5,120
113,111
126.5,126
122.5,121
107,104
122,122
112.5,111
116,110
120.5,124
119.5,121
114.5,123
121.5,118
104.5,103
126.5,122
121.5,126
120,121
138,136
102.5,102
107.5,113
101.5,104
120.5,119
120.5,119
113.5,124
118.5,115
116.5,117
112.5,115
121,119
103,98
139.5,133
109,105
118.25,120
106,104
145.5,137
114.5,113
142,136
122.5,123
119,122
111.5,102
122,123
93,96
120,117
123,122
102.5,102
112.5,117
148.5,140
120,118
119,119
111.5,102
114,106
132.5,126
159.5,161
118,118
124,123
96,96
139,129
136.5,136
114.5,111
130,128
164.5,158
137.5,136
115.5,114
122,122
121.5,117
116,114
115.5,116
135,127
148,141
119,113
113.5,109
135,122
132,127
135,136
111,110
126,124
117.5,121
123,126
117,109
128,121
119,120
114.5,111.5
135.5,129
123.5,121
122,123
140.5,136
140.5,128
118,115
111.5,111
121,116
117.5,116
142.5,139
117.5,113
127.5,127
145,158
101,99
145,127
113,111
126.5,126
152.5,155
142,139
129,124
126,124
124,123
121.5,123
144,133
119.5,124
118,121
133.5,131
128.5,125
120.5,124
116.5,118
148.5,142
142,138
123,123
108,114
130.5,126
98,101
132.5,130
125,125
154.5,144
128.5,123
134.5,130
100.5,102
131,127
134.5,130
131.5,135
125.5,129
180.5,162
109,104
133.5,131
117.5,123
124,127
106.5,106
123.5,121
159.5,144
108.5,107
116.5,110
119.5,115
159,152
124.5,123
138.5,135
132.5,131
117.5,107
124.5,124
120.5,118
120,120
122,123
158,155
116,113
134.5,134
154,145
96.5,94
124,124
114,112
116.5,118
123.75,123
108.5,107
118.5,121
118.5,117
113,112
150,145
126,126
112.5,121
121.5,122
125.5,125
119,112
117.5,117
122,115
111,108
115,114
124,122
118,120
114.5,110
124.5,129
130,124
120.5,121
103.5,106
131,126
138.5,139
154.5,137
121.5,122
91,94
104.5,110
135.5,128
114.5,106
119,111
140,135
131.5,136
109.5,101
120.5,121
135.5,126
98,98
122,123
135.5,124
132.5,131
112.5,111
134,136
118,120
143.5,137
148.5,138
119.5,122
148.5,145
155,147
147.5,139
122,115
110.5,108
132.5,139
135.5,131
131.5,132
131.5,130
125,124
137,128
106.25,103
115.5,112
123,121
118,107
154.5,158
121.5,121
92.5,95
147.5,139
131.5,126
152.5,146
119,114
117.5,120
135,131
91.5,91
127.5,131
141,132
119.5,119
103.5,104
131.5,126
122,122
108.5,103
122,123
123,119
148.5,134
113.5,118
140,141
151,143
121.5,121
130,132
118.5,120
105.5,109
125,117
117,115
120.5,120
133,125
118.5,117
122,123
114.5,116
148,133
114.5,104
118.5,111
115.5,111
103,103
128,126
129,128
120.5,122
103.5,104
123.5,123
119.5,120
138.5,128
119,114
113.5,117
119,114
161.5,163
123.5,122
164.5,152
127.5,126
147.5,132
122.5,124
121.5,121
123.5,122
128.5,122
122,121
139.5,127
120.5,119
123.5,122
124,123
134.5,128
106.5,108
115.5,119
131.5,123
120,118
121,122
122.5,122
154,139
113.5,114
113,117
122.5,123
114.5,107
133,127
124.5,123
114.5,119
104,99
134.5,132
137,136
145,138
121.5,122
112.5,104
161.5,159
131.5,126
124,127
144.5,149
113.5,108
149.5,144
122.5,122
110,107
122,122
105.5,105
126,124
132.5,125
175.5,173
142.5,130
152.5,134
148.5,147
116.5,118
126.5,127
121.5,120
122.5,123
147.5,140
126.5,127
130.5,127
117.5,115
114.5,113
138.5,142
148.5,137
137,125
139,144
123,125
135,134
99,101
117.5,114
169.5,164
111.5,107
125.5,123
108,105
107,101
119,120
136.5,134
131.5,122
115,112
132,126
120,116
147.5,142
117,120
116.5,109
120,120
130.5,124
98.5,101
92,98
121.5,121
113.5,114
130.5,126
118.5,114
158.5,153
113.5,114
121.5,119
141,133
131,127
124,119
114.5,112
100,108
122.5,123
142,126
158.5,148
134,130
123.5,122
130.5,124
145,130
125,123
133.5,130
134.5,136
145,143
141.5,137
133,126
145.5,140
122.5,122
137,130
121.75,124
158.5,159
120.5,119
129,124
110.5,102
88.5,91
134,128
123,122
126,123
115.5,116
95,97
121,120
116,114
139,136
119.5,121
121.5,122
116,117
123,116
141.5,143
130,133
116,106
114.5,108
154,134
106.5,102
125.5,123
123.5,122
141,136
154,152
135,130
127.5,125
115.5,110
131.5,127
131.5,123
125,129
144,137
116,115
118,118
141,138
132.5,127
109,110
147,134
126,124
121.5,122
121.5,122
156.5,146
118.5,117
115.5,115
132,132
138,134
149.5,157
110,109
153.5,154
149.5,134
117.5,114.5
158.5,158
97.5,101
141.5,135
122,112
161,155
121.5,122
132.5,133
162,150
116,108
107.5,102
153.5,154
169,162
129,123
132.5,124
123,124
120,117
140.25,131
104,104
138,137
111,102
122.5,124
108.5,110
138,132
132.5,127
133,132
119.5,122
109.5,108
122,119
174.5,169
140,137
132,131
116.5,119
120.5,121
128.5,123
145.5,143
143.5,144
122.5,121
132.5,123
121.5,122
126.5,122
120.5,122
160.5,159
117.5,116
112,108
102.5,108
132,120
120,121
123.5,121
118,120
121.5,112.5
131,130
141.5,136
122.5,122
133.5,136
123.5,128
113.5,112
115.5,114
121.5,124
128.5,124
101,99
121.5,121
124,122
99,100
136.5,134
118.5,113
123.25,123
131.5,132
122.5,123
134.5,127
150.5,142
121,122
108.5,101
148,140
123,124
121,118
118.5,122
123.5,123
98.5,102
136,137
128.5,126
133.5,125
160.5,156
122,125
135.5,130
114,113
114.5,113
124,122
120.5,124
124,119
123.5,124
122.5,125
159,143
133.5,128
117.5,118
119,116
122.5,122
118.5,119
154.5,151
135.5,136
113.5,115
134,139
136.5,130
121,118
139,136
106.5,108
130.5,128
117.5,121
134,129
138,133
130.5,126
137.5,132
129,125
107.5,107
131.5,128
114.5,117
136.5,131
109.5,111
111.5,103
100,99
114.5,118
140.5,136
118.5,120
124,124
114.5,110
116.5,112
119.5,120
133.5,137
119,116
121.5,121
114.5,118
124.5,130
140,137
125.5,126
124.5,127
134,124
119.5,121
105.5,108
127,128
116.5,120
101.5,105
135,134
131.5,134
148,142
122,124
117.5,112
119,121
111,108
132,128
119.5,120
130,130
113,106
112,103
146.5,140
169,162
131.5,127
123,122
119.5,118
120,115
110,106
126,127
137,136
120.5,120
106.5,104
131.5,126
122,119
166.5,167
153.5,150
123,121
121,117
126,126
118,121
119,118
134,134
137.5,136
146,147
124.25,125
121.5,122
107,106
118.5,119
117.5,116
100.5,106
135.5,124
126.5,126
124,125
116,114
116,112
137.5,142
120,119
117.5,116
151,151
122.5,123
119,121
157.5,151
121,122
122,124
171,164
122,119
118.5,121
119.5,117
153.5,145
109,104
116,102
139,143
142,133
125.5,128
117,106
118,118
129,120
107.5,107
106.5,100
125.5,125
147.5,137
124,123
118.5,121
133,128
148.5,136
150,149
122,112
100,98
142,145
123,123
122,120
116,116
113.5,110
110,107
108.5,104
160.5,157
119,111
138.5,138
157.5,156
117.5,108
132.5,127
134.5,128
137,135
134.5,130
160.25,145
121.5,121
160,147
134.5,132
148,136
132.5,131
130,127
122,125
124,125
123.5,123
138,127
144,141
133.5,129
119.5,120
121.5,120
114.5,120
134,127
101.25,97
118.5,110
124,124
135.5,136
116.25,109
113,109
105,105
136,133
126,123
118,119
122.5,121
149.5,138
105.5,101
104.5,104
137,135
122,118
109,101
128.5,124
103,103
149.5,128
127,127
121,120
117.5,108
109.5,113
148,147.5
119,119
116.5,120
111.5,103
155.5,138
89,90
162,154
123,128
130.5,118
151.5,149
123,123
120,119
114,113
119,106
135.5,132
89,89
135.5,136
122,116
120.5,122
140.5,136
139.5,136
120.5,123
107,105
131.5,127
141.5,130
117.5,115
118.5,120
138.5,127
128.5,127
135.5,131
105.5,103
110.5,113
108,109
128.5,125
120,118
110,101
122,120
108.5,108
123,123
119.5,119
135.5,127
125.5,124
110,103
128,119
115.5,116
117.5,117
111.5,112
120.5,122
97.5,96
153.5,147
118,118
122,122
116,119
107.5,118
126,127
96.5,106
116,116
116.5,112
124,122
102,102
118,119
119,110
155.5,146
112.5,114
121,119
101,102
135.5,137
138,136
139,141
122,123
119.5,124
142.5,141
120.5,120
122.5,122
128,131
119,117
123,127
106.25,107
120.5,120
123,115
139,127
127.75,128
120.5,123
121.5,120
118,120
115,119
135,136
127.5,125
115,115
130.5,131
127.5,122
135.5,131
111,110
135,127
121.5,122
114.5,126
113.5,103
132.5,126
118.5,119
115,115
135.5,140
117.5,111
138,137
103.5,104
100.5,104
136.5,126
125.5,129
105,100
111.5,103
129.5,127
136,135.5
158.5,138
127,126
122,124
145,134
142.5,135
119,107
120.5,121
122,123
125.5,125
124.5,127
156.5,152
121.5,119
132,128
111,103
103.25,104
120.5,122
123,121
124,120
127,111
112.5,115
120,123
126,130
127,134
131.5,136
124.5,121
129.5,123
151.5,150
136,134
123.5,124
112.5,107
158.5,155
141.5,134
117.5,112
124,124
129.5,121
133,125
153.5,129
129.5,132
128,121
123.5,121
119.5,120
124,128
119.5,120
121.5,121
119.5,111
125.5,122
122.5,121
124.5,120
153.5,149
121.5,116
121.5,120
125,124
116,118
122.5,124
122,123
116,114
152.75,147
103,100
128.5,123
86.5,86
116.5,118
121,122
135.5,136
124.5,127
88.5,87
134,126
136.5,136
119,116
128.5,123
153.5,137
143,137
104,103
129,127
154.25,139
143,137
110,117
126.5,128
106.5,100
135.5,129
146.5,144
135.5,134
134.5,127
131,128
143.5,136
122.5,123
124.5,124
118,115
147.5,132
122,122
109.75,106
127.5,128
104.5,109
120,117
124,122
130.5,139
111.5,110
125.5,127
127,135.5
122,124
133.75,133
142.5,140
107.5,100
107.5,106
140.5,136
109,113
119,118
122.5,122
168.5,159
125,122
116,115
121,122
123,121
136.5,129
132.5,129
105.5,104
131,123
126,123
132.5,130
129,127
112.5,109
157,144
132,136
135.5,136
133.5,128
110,115
112.5,111
124,121
104,107
100.5,96
122,121
93.5,94
126.5,117
119.5,121
119,120
121.5,120
139,134
142.5,133
117.5,111
129,131
121,120
123.5,133
112.5,116
120,117
119,108
105,109
121.5,119
113,106
130.5,122
138.25,140
128.5,125
146.5,143
111.5,106
154.5,143
106.5,111
118.5,119
123.5,124
101,103
135,133
109.5,116
115,111
120,123
136.5,135
130.5,126
121.5,120
123,119
135.5,136
113.5,113
133,121
121.5,122
117.5,118
122,121
130,124
119,120
155,159
119.5,123
114.5,115
95.5,95
94,96
160.5,150
123.5,123
103.5,100
139,129
122.5,122
116,110
128.5,121
118.5,121
101.5,97
107.5,109
119.5,122
136.5,143
105.75,104
120.5,116
125.5,125
117.5,113
109.5,105
160.5,145
117.5,121
174.5,168
117,112
121.5,122
117.75,120
132,125
114.5,113
152,134
118.5,122
149.5,149
114.5,112
119.5,117
116.5,116
121.5,118
97.5,96
107.5,101
106.5,119
103,105
124.5,120
133,131
136.5,134
119.5,118
114,117
135.5,127
107,106
110,111
125,123
124.5,127
117.5,111
117.5,119
117.5,119
140.5,122.5
105,103
109.5,112
125.5,122
134.5,132
143,130
138.5,132
122.5,124
128.5,124
118.5,115
123,126
132,126
137.5,143
134,127
123,115
132,136
112.5,109
133.5,124
121.5,119
130.5,122
117.5,115
137.5,124
142.5,137
148.5,143
130,131
111.5,107
142.75,136
105.5,103
111.5,114
124.5,124
100,103
114,117
108.5,105
113,108
116,102
104,104
104.5,107
121,121
138,143
124,122
122.25,122
132,133
118,104
125,120
114.5,113
114.5,109
126,126
119.5,120
161.5,158
117.5,112
104,101
153.5,145
121,117
124,122
159.5,139
153.5,133
157.5,155
123.5,123
117.5,119
129,125
110.5,114
120,110
127.5,125
120.5,121
154,147
122.5,123
114,111
123.5,124
113.5,103
124,113
121.5,122
122.5,118
136,131
118.5,111.5
124,120
98.5,93
122.5,122
140.5,136
104,109
106.5,104
132.5,135
121.5,121
121.5,115
125.5,130
102.5,106
133.5,130
160.5,142
144.25,133
125.5,124
120.5,119
122,121
119,119
115.5,107
102,102
118,121
129.5,126
120,120
121.5,119
115,111
125,123
135,130
122.5,122
148.5,134
110,118
119,115
139.5,135
160,155
114,111
124,125
119.5,120
118.5,114
153.5,138
114,113
103,104
119.5,121
123,124
104.5,108
104.5,112
126.5,126
107,105
119,115
132.5,127
137.5,127
139.5,143
119.25,116
114.5,115
134,127
121,122
131.5,125
160.5,156
119.5,117.5
124,117
132.5,122
126,124
138,132
103,106
132,134
135.5,130
132.5,133
120.5,118
141.5,136
122,119
124,121
122.5,120
135,134
98.5,98
113,105
114.5,112
119.5,118
159.25,152
136.5,135
160,149
157,155
111.5,111
125,125
131,126
121.5,122
154.5,131
155.5,144
112.5,116
102,100
121.5,123
119.5,119
135,138
116.5,109
92,94
133.5,134
147.5,130
104.5,100
111.5,106
117,115
136,130
98,97
124,123
141,137
130,127
119,120
126.5,122
114.5,113
114.5,111
119.25,118
152,145
107.5,106
94,99
118,119
131,129
121.5,118
115.5,119
97,98
137,126
131.5,126
147,140
129.5,126
121,123
145.5,143
140.5,141
130.5,121
118,116
100,99
123.5,123
120,120
132.5,131
147.5,139
133.5,136
136,136
112.5,108
100.5,102
112,109
115.5,115
119,116
141,137
135.5,139
122.5,122
106.5,102
114.5,112.5
106,104
125,124
114.5,109
124,122
120.5,119
118,111
129.75,126
113.5,106
140.5,134
122,121
137,134
143.5,139
122.5,122
173,169
128.5,128
119.5,119
148.5,139
119.5,116
124,125
110.5,117
120.5,121
123,122
123,124
101.5,101
130.5,125
118,119
131.5,126
128,130
132.5,126
106.5,111.5
134,130
124.75,124
126,126
108.5,107
128,124
124.5,127
155,149
122.5,124
133.75,123
133,135
120,121
130.5,127
128.5,131
135.25,134
123.5,121
121,122
122,123
107.5,117
162,159
131.5,125
116,110
102.5,100
119.5,124
111.5,99
103.5,101
123.5,123
136.5,128
139.5,139
120,122
119,120
142,138
102.5,104
123.5,125
113.5,113
151.5,148
138,127
119.5,119
140.5,128
135.5,135
93,93
126.5,127
126.5,124
115.5,116
120,117
100,96
118,119
120,121
141,139
156,144
124,128
114,121
114,113
119.5,123
105.5,100
97,109
116.5,107
120,121
118,116
120.5,121
122.5,123
106.5,102
113.5,102
116,120
139.5,134
123.5,129
122,120
114.5,114
144.5,139
137,133
119,121
135,128
112.5,103
120,119
147,145
94,97
145.5,139
101,101
128.5,125
126.5,122
136.5,125
111.5,111
115,112
156,143
132.5,130
135.5,134
122,120
136.5,137
146.5,133
148,138
135.5,131
126.5,125
119.5,116
104,99
126.5,126
124.5,124
118.5,116
113.5,109
121,121
134.5,129
122.5,122
120,115
122.5,124
130,126
126,125
114,109
131,126
125,122
113.5,115
121,121
139.25,143
120,121
121.5,122
109,113
154,152
122,128
135.5,137
126,126
114,110
146.5,148
119.5,127
114.5,108
122,125
121,120
119,110
139.5,135
142.5,137
126.5,125
131,126
119,118
123,121
114,116
109,112
127.5,126
126,124
105,107
110,112
122,124
135.5,130
155.5,138
112.5,110
116,118
134,127
120,119
100,101
156.5,151
102.5,101
137,128
110.5,117
118.5,119
94,97
133.5,126
121,120
126,127
143.5,141
152.5,144
112.5,112
111.5,113
122.5,122
124.5,123
164,159
141.5,139
148.5,140
119.5,115
122,120
153.5,150
153.5,143
113.5,111
136.5,143
140.5,139
129,124
121,120
121,119
124,123
134.5,137
136,128
138,135
100,103
139.5,136
114.5,116
135,135
107,106
145.5,142
125.5,125
123.5,124
132.5,121
124.5,121
122,109
119.5,119
113.5,103
117.5,119
102,92.5
113.5,108
123.5,123
119.5,119
121.5,117
135,128
122,122
93.5,98
122.5,123
135.5,132
116,114
114.5,106
139.5,137
134,124
139.5,134
126.5,124
138,130
158.5,148
123.5,123
146,142
100.5,98
126,123
153,134
135.5,129
129,126
146,136
133.5,131
153.5,127
115.5,120
117,120
154,154
151.5,143
120.5,116
140.5,133
139.5,136
115,113
118,111
151.5,149
119,119.5
115.5,111
136.5,130
133.5,129
97,101
99,93
121.5,119
122,120
132.5,126
134,132
137,137
134,136
120.5,123
137,137
147.5,144
131,132
103,99
121.5,124
117.5,120
147.5,145
138.5,124
125.5,126
125,123
127.5,124
130,130
120,122
121,125
112.5,112
131.5,123
109.5,101
124,124
119,119
127.5,125
122.5,117
124.5,123
140.5,140
122,122
145.5,138
134.5,127
130,133
119.5,126
115,106
105.5,106
93,96
155.5,153
117,121
132.5,131
130.5,129
134,133
122.5,124
127,123
137,133
119.5,122
114.5,116
137,134
124,123
138,136
109.5,111
129,124
117,119
154,157
136,127
142.5,137
108.5,103
159,143
137.5,143
124.5,123
102.5,108
112.5,109
122.5,122
124.5,124
122.5,126
114.5,117
123.5,123
141,134
103.5,107
112.5,116
128.5,127
130,131
131.5,130
120.5,123
132,127
119.5,118
122,111.5
113.5,109
102.5,101
99,115
145.5,131
122.5,124
119.5,122
132.5,138
148.5,141
114.5,107
119,121
123.5,123
138.5,136
126,124
122.5,118
121.5,120
123,118
160.5,144
114.5,119
115.5,108
147.5,128
118.5,117
119.5,121
126,125
136,130
106,107
135,127
118,113
114.5,108
148,136
124,126
115.5,113
159.5,159
114.5,116
133,133
127,127
124.5,125
123,119
116.5,111.5
128.5,134
100.5,101
121,123
117,123
113,118
122,122
126.5,118
123,124
131.5,120
133,128
120,122
126,118
122.5,125
123,123
119,119
130.25,125
134.5,135
114,108
165,161
120.5,120
119,118
122,121
99.5,99
130,124
120.5,117.5
134.5,127
122.5,121
121.5,122
129.5,128
98.5,93
97,96
117.5,117
135.5,131
139.5,137
117.5,118
135,136
116,121
123.5,122
115,114
118.5,120
113.5,118
152.5,144
155.5,151
131,124
113,112.5
113,115
123,124
122,123
121.5,123
126.5,126
115.5,107
109,111
120,118
118,118
136.5,134
122,121
91.5,96
129.5,126
98,98
103,101
107,111
133.75,126
131.5,131
110.5,108
121,122
124,123
122.5,122
120,118
121.5,120
112.5,104
128,125
117.5,116
141.5,134
140,137
115.5,111
130.5,123
136.5,122
162.5,149
119,117
123,122
122,122
131,123
127,123
120,119
130,128
116,115
124,125
130,125
147.5,135
120,118
116.5,119
139.5,132
153.5,154
93,92
114.5,112
125.5,125
119.5,118
157.5,159
119.5,118
160,160
102.5,103
130,129
103,103
122,119
124,122
130.5,126
121.5,123
134.5,134
118,116
149.5,134
120,121
121.5,125
119.5,118
129,124.5
132.5,124
132.5,130
130.5,128
131,131
119.5,121
138.5,140
168,160
135.5,134
114.75,115
136,131
123,124
118.5,119
133,134
122.5,123
99.5,98
120.5,121
103.5,103
129,123
117,116
134,134
129,123
142,136
122,117
118.5,120
132.5,127
122,121
139.5,137
119,114
122,123
119,120
114.75,117
124.5,126
126.5,125
104,103
155.5,137
112,106
109,108
118,121
113.5,104
125.5,123
124,121
128.5,124
119.5,120
123.5,126
107,107
141,137
114.5,116
152.5,142
137,126
105.5,107
125.5,123
123.5,125
114.5,112
120,112
121.5,123
121,121
118.5,115
153.5,159
132,135
122,122
106,102
136.5,130
141.5,138
114.5,114
153,147
105.5,106
143.5,134
124.5,126
121.5,121
139.5,134
119,115
121.5,124
111,104
112.5,106
170,167
111,113
116.5,117
119.5,119
94.5,100
132,121
114,118
137,130
118,111
123.5,124
102,102
133.75,127
131.5,127
119.5,123
122.5,123
103.75,103
118.5,116
107.5,106
116.5,115
106.5,105
113.5,113
147.5,141
120.5,121
115.5,114
113.5,114
158.5,155
136,132
108.5,106
121.5,122
147.5,139
121.5,122
113.5,115
109,110
130.5,137
120,113
126.5,130
114.5,115
124,123
133.25,125
139,139
112,111
117,115
130,121
113,108
107,102
122,123
112.5,112
118,119
142.5,130
120,122
102.5,100
158,151
131.75,123
124,126
126,122
134.5,136
118.5,118
124,114
125.5,124
114.5,103
136.5,140
107.5,106
138,134
148,140
118,120
124.5,126
139.5,137
155,136
123,124
168.5,159
129,128
125,124
115.5,124
159.5,144
124,124
122,124
120,119
120.5,117
118,121
135,130
107.5,110
124.5,134
117.5,111
130.5,128
143,145
140.5,133
135.5,134
121.5,122
132,133
166.25,162
116.5,113
122.5,119
126,122
118.5,121
125,123
111.5,112
124,127
112,115
154,151
87.5,86
120.5,120
118.5,120
124.5,124
115,110
139,135
121.5,122
119,120
96.5,100
119.5,114
117.5,114
121.5,123
109,108
169.5,174
108.5,110
117.5,119
104.5,102
130.5,124
145.75,149
112.5,112
123,120
122,119
127.5,121
118.5,112
122,123
133,127
158.5,145
116.5,119
157.5,155
125,127
130.5,125
121,110
139.5,143
127,126
138,138
112.5,101
119.5,116
104,104
112.5,108
129.5,127
137.5,128
117.5,115
171,157
145.5,143
129,132
123.5,124
139,146
132.5,126
119,121
152.5,155
114.5,106
119.5,118
119,119
122.5,123
109.5,107
123,129
112.5,112
131.5,134
150,144
148.5,137
117,117
111.5,105
126.5,123
118,105
124,120
128.5,125
131.5,127
132,134
123,127
116.5,102
116.5,118
126.5,123
150,133
115.5,115
119.5,121
132.5,129
125.5,123
130.5,126
112.5,113
113.5,109
121.5,124
128.5,130
144,138
126.5,123
93.5,98
135,133.5
100.5,96
103,103
137.5,138
146.5,140
117.5,120
123.5,126
120,122
100,99
122.5,123
144,139
122,121
140.5,134
139.5,136
158,149
129,127
117.5,116
152,160
122.5,120
121.5,120
110,111
119,123
119,119
137,138
112.5,108
116.5,115
138,132
123.5,122
125.5,122
136.5,136
116.5,121
119,119
112.5,110
135,122
102.5,103
108.5,106
155.5,153
123.5,125
121,119
139.5,147
131.5,125
135.5,126
119,115
112.5,108
138.5,134
153.5,137
114,112
114.5,114
158.5,147
123,125
94,91
116,116
123.5,124
99.5,101
130.5,128
127.5,124
119.5,121
112.5,113
151.5,137
161,151
136.5,131
112.5,108
155.5,148
119.5,120
125.5,125
109.5,109
111,110
137.5,129
124.5,125
120,119
131.5,128
122,122
147.5,148
111,106
130.5,125
120.5,123
158,149
107,107
123.5,125
108.5,109
84.5,86
122.5,120
106.5,107
131,125
138.5,136
143.5,136
121,122
121.5,122
126,123
119,123
103.5,107
114,112
119.5,120
115,105
119,119
141,137
121.5,121
124,125
117.5,120
114.5,111
105.5,102
143.5,138
117.5,116
134.5,133
146.5,146
118.5,111
119,117
135.5,136
119,120
122.5,126
137.5,133
120,119
120.5,121
141,138
116.5,124
137,132
96,93
113,118
122,121
117,121
120.5,120
130,127
125.5,123
97.5,98
122,123
125,124
144,127
136.5,130
108.5,103
116,119
112.5,114
121,119
118,121
119,118
123,121
132.5,127
132.5,134
92.5,89
123,122
159.5,155
137,136
118.5,121
109,111
99,97
105,101
118.5,114
133,124
134,132
119.5,120
130.5,124
98.5,99
154,160
116,111
117,115
144,141
122.5,122
118.5,119
121.5,121
111.5,116
120.5,121
120,120
122.5,125
122,124
118.5,119
123,113.5
138,135
140.5,145
133.5,130
108.5,106
124,124
119.5,122
104,104
133,126
140.5,145
123,116
139.5,134
140,136
134.5,133
121.5,119
114,109
159.5,149
125,126
138.5,129
135.5,137
120.5,119
122,122
121.5,121
168,163
134.5,127
134,134
160.5,147
138.5,135
162.5,160
106.5,108
122.5,123
113.5,103
140.5,142
154,142
118,114
134.5,130
149.5,139
120.5,122
111,106
144,131
122,121
119.5,120
121.5,120
135.5,133
122.5,123
120.5,116
121.5,120
103,98
130.5,133
120,123
129,127
109.5,103
116,116
107,107
115.5,116
115.5,120
159,155
126,119
140.5,136
122,120
126,124
117.5,112
122,122
123,122
137,134
152.5,143
130.5,124
122.5,123
123,122
118,110
148.5,145
136.5,137
125.5,125
112.5,113
119,115
133.5,129
112,108
133,130
119.5,120
135.5,134
107,104
121,122
133.75,127
118,120
106.5,108
111.5,112
119.25,119
117.5,117
111.5,107
117.5,123
173.5,175
166,157
151.5,150
123.5,122
121,122
147.5,137
117.75,115
135.5,135
108,107
134.5,131
122.5,121
125,125
134.5,136
113.5,112
103,100
128,124
111,103
113,120
160,136
132,131
131.75,126
98,101
121,119
135.5,133
126.5,124
118,116
130,134
119,118
126,128
128.5,126
107,108
135.5,127
117.5,117
95.5,97
127,124
152,141
135.5,127
126,124
124,124
158,155
128.5,126
108.5,107
132.5,125
153.5,138
145,136
119,110
128.25,125
159.5,155
123,124
118.5,119
109.5,103
150,138
161.5,157
137,128
134,127
122,122
135.5,121
114.5,108
122,112
146.25,143
135,136
113,114
132,126
153,145
104,103
98.5,97
116.5,108
122.5,129
120,119
120.5,115
154,141
137.5,131
157.5,155
137.5,132
117.5,116
121.5,122
99.5,97
136.5,132
138,130
117.5,118
118,118
131.5,137
112.5,107
112.5,107
105,98
123.5,125
113,109
142.5,139
119,120
107.5,103
133.5,130
122.5,121
116.5,109
114.5,110
122.5,127
125.5,123
137.5,134
116.5,115
119.5,119
121.5,121
121,121
109,112
119,117
112.5,115
159,151
145.5,136
122.5,122
124.5,122
161,161
109.5,107
122.5,125
122,123
131,130
113.5,109
110,110
124.5,123
148.5,139
121,115
127,123
134.5,136
146,149
133.5,131
130,124
123,122
112,106
147.5,138
105,103
147.5,136
153,141
142,134
144.5,144
127.5,126
129,121
133,127
120.5,118
121.5,123
148.5,140
163.5,161
106,108
135.5,136
118,117
110.5,108
132,130
142.5,137
168.5,161
158.5,157
141,137
119.5,119
100,101
114.5,117
126.5,134
130.5,123
122,120
137,137
119.5,118
136,133
118.5,114
137,125
131.5,126
120,122
136.5,137
104,103
165,150
113,115
107.5,104
114.5,109
132.5,122
133,124
120,119
156.5,152
137.5,128.5
116,112
134,131
121.5,122
132,135
122,121
123,125
104,97
154,147
118.5,105
118.5,117
122.5,113
99.5,100
121.5,126
92.5,93
121.5,126
106.5,104
138,124
134,132
124.5,126
119.5,124
129,125
131,128
140,136
112.5,111
115.5,119
123.5,126
147.5,139
121,118
117.5,119
117.5,116
133.5,137
145.5,143
127.5,124
130,125
123.5,122
126.5,124
112.5,115
114.5,113
151,137
162,148
124,125
118,118
139.5,129
169,163
114.5,113
124,127
150,140
128.5,123
118,121
121.5,121
119,117
129,121
134.5,127
122,120
114.5,109
119.5,119
126,126
135.5,130
119.5,117
136.5,130
121.5,119
121.5,123
122,122
113,111
126.5,125
114.5,120
135,139
106,103
128.5,121
125,128
120.5,120
119.5,121
132.5,126
118.5,113
122.5,125
133.5,137
121,132
122,121
120,120
123,126
127,131
107.5,111
100,103
123.5,122
92.5,89
131.5,131
134.5,132
148,137
119,114
118,118
100,103
136.5,135
132,130
95,103
147.5,150
146,131
132,127
133.5,131
137,128
141,136
110,111
137,128
127.5,128
130.5,127
139.5,133
149.5,153
134.5,130
125.5,126
120,120
129,125
111,111
161.5,161
122,121
139.5,136
160.5,158
116.5,117
105.5,103
127.5,126
160.5,142
130,132
130,126
154,148
103.5,102.5
137.5,152
113,110
115,112
123.5,122
104.5,111
100,100
105.5,109
115.5,119
127,127
130.5,124
117,111
126.5,123
114.5,117
118.5,119
121.5,119
144,142
119,122
116.5,115
125.5,123
138.5,129
152,134
118,111
123,126
120,115
115,119
120.5,120
120,120
113,114
121.5,114
116.5,116
120,120
91.5,96
162.5,158
122.5,124
121.5,122
126,125
130,127
130,132
137,126
122.5,123
131.5,128
119,122
143.5,137
116.5,118
129.75,123
122,123
122,130
113.5,110
116.5,117
123,122
116,111
109.5,116
132,132
135.5,129
118.5,117
123,122
158,149
135.5,136
154.5,145
129,126
125.5,123
120,120
109,105
132.5,128
122.5,122
96.5,97
118.5,117
124,124
128,123
125.5,128
116.5,108
122.5,123
118.5,120
148.5,144
121,121
119.5,120
153.5,148
97,100
103,100
121.5,126
148.5,136
126.5,119
134.75,129
120,120
112.5,113
98,102
111.5,106
137.5,132
121.5,125
120,120
159.5,162
158.5,139
143.5,142
119.5,119
129.5,132
112.5,105
108,109
129,124
126,126
157,153
119,116
104.5,104
130,125
100,98
122.5,123
138,136
118,120
129.5,124
136.5,134
150,140
119,118
154,156
106.5,103
130.5,122
119,117
125,125
133.5,137
123.5,125
137,134
121,118
109.5,104
133.5,130
113,113
149,142
137.5,133
133.5,126
129,130
131,119
101,100
140,140
117.5,110
122.5,121
122.5,119
128.5,128
133,122
122.5,122
102.5,106
155.5,138
159.5,152
119.5,119
134.5,134
126,124
174.5,147
163.5,149
120.5,119
146.5,136
124,120
130,124
113.5,109
126.5,125
129,132
137.5,137
119,115
132.5,131
122.5,115
145,135
97.5,97
160,151
139.5,131
126.5,127
133.25,134
114.5,113
106.5,110
126.5,126
117.5,113
108.5,115
132,132
112.5,120
106,107
141.5,144
126,122
113,113
125,131
135.5,137
119.5,120
108.5,112.5
111.5,111
114.5,113
114.5,112
148,149
107.5,106
150,138
135.5,131
142,136
145.5,140
131.5,126
120,118
123.5,122
118.5,119
137,123
161.5,154
84.5,86
140,142
127,121
159.5,153
123.5,121
123.5,123
133.5,132
123.5,126
97.25,98
148,146
126,127
130,126
152,129
153.5,143
149.5,145
118,117
105,98
85,89
122,112
116.5,116
105.5,106
109,109
115.5,110
123.5,127
121,116
132.5,126
122.5,123
119.5,119
117,117
119,122
134.5,128
117,106
129.5,126
113.5,116
123.5,129
132,128
119,120
159.75,136
118,115
109,119
119.5,124
122.5,125
125.5,125
119.25,118
127,124
123,123
152.5,137
134.5,127
134,138
147.5,139
124,125
121.5,121
111,104
118,120
160.5,160
121.5,124
116.5,112
130.5,138
112.5,110
120,122
133.5,128.5
116.5,121
125.5,121
101,103
131.5,130
124,124
131,127
149.5,134
119,120
132.5,135
156,146
124,123
156,145
128.5,121
131,130
121.5,122
114.5,110
138.5,129
123,130
119,122
122,121
121.5,120
123.5,115
144.5,148
148.5,140
122,121
164,160
123.5,124
132.5,127
105.5,103
121,120
122,121
124.5,126
113,104
108.5,103
105.5,114
91.5,94
123,123
114.5,103
131.5,127
106.5,103
120,120
134,127
132.5,127
137.5,135
118.5,120
164,161
122,124
114.5,115
130.5,128
137.5,125
119.5,111
118,114.5
131,134
160.5,147.5
136.5,137
165.5,152
109.5,106
119,119
132.5,127
145,132
119,122
118,119
139.5,124
121,124
117.5,118
111.5,104
122.5,122
113.5,115
126.5,131
153,147
115,120
130.5,128
87.5,94
122,123
116,120
119,119
161,160
122.5,121
129,124
131.5,130
132.5,126
123,126
122,122
113.5,106
123,122
119.5,121
123,124
131,124
135.5,139
124.5,125
111.5,119
118.5,109
161,154
117.5,119
102.5,101
153.5,161
126.5,128
101,102
129.5,125
100,101
118,118
122,120
119,119
124.5,126
108.5,107
169.5,166
132.5,128
161.5,149
122.5,123
118,119
130,132
120.5,122
143,137
99.5,98
119,119
125,124
135,131
123,126
117.5,120
134.5,126
122,119
119.5,120
119.5,116
152.5,134
147.5,134
124.5,123
122,119
122,121
143,141
135.5,136
125.5,123
129.5,129
113,105
106.5,106
130.5,122
117.5,115
129.5,123
117.5,120
124,126
125,123
121,118
124,124
102,103
128.5,124
153,155
111.5,107
125.5,123
135,132
111,111
154.5,149
152.5,137
124,126
134.5,133
119,119
125,131
120,119
152,139
147.5,131
111.5,109
152.5,142
123,124
127,126
134,126
110.5,103
136,139
114.5,109
114.5,115
125.5,122
114.5,115
130.5,123
123.5,120
143.5,138
105,103
108,108
131,124
122.5,113
123.5,123
116.5,112
120,116
122.5,123
120.5,117
101,99
120.5,119
133.5,124
102.5,104
103.5,108
126,108
121.5,121
125.5,127
117.5,121
113.5,115
116.5,117
107.5,104
111.5,105
134.5,134
122,124
153.5,137
117.5,113
116.5,120
136.5,134
121.5,122
101.75,101
128.5,129
129,130
116,112
103.5,104
119,113
124.5,123
103,103
137,129
117.5,119
133.5,132
133.5,124
91,87
142,134
123.5,127
107,105
121.5,124
90.5,90
138.5,126
113,118
169.5,161
105.5,103
132.5,127
119,119
116.5,120
119,115
107,106
128,123
120,123
120.5,116
114,114
126,122
122,122
113,113
112.75,106.5
129.5,127
120,124
106,104
119.5,118
128,128
116,114
107,104
119,120
156.5,148
113.5,108
140,137
114,108
125.5,123
123.5,122
124,121
122,123
139.5,134
133.5,124
125,124
122.5,120
124.5,128
136,136
130.5,127
122.5,122
126,121
133,129
168,162
128,126
137.5,134
125.5,125
124.5,126
135.5,135
121.5,122
113.5,108
121.5,121
151,142
129.5,122
113.5,115
96,94
130,127
129,119
117.5,113
153.5,153
135.5,131
120,121
162,154
100,101
120,115
162.5,160
135.5,137
127,124
120.5,121
118.5,116
132.5,128
136,127
106,104
116,109
140.5,134
124,121
84,85
122.5,125
161.5,160
106.5,101
152,137
133,133
111.5,113
119.5,118
128,124
135,127
119.5,119
156,161
110.5,116
122.5,119
112.5,115
142,137
125,125
147.5,137
112,107
119,125
124.5,123
119.5,121
114.5,108
132.5,137
122,119
136.5,130
136.5,138
121.5,122
121,123
121.5,121
134,128
122.5,123
162.5,159
122,123
119.5,121
135,127
126,120
123,122
117,115
157.5,149
143.5,135
99.5,102
100.5,101
126,123
110.5,114
165,161
139.5,137
132.5,128
156.5,145
113,113
135,120
122,123
134.5,131
108.5,108
124,126
131.25,130
121,119
119,114
91,91
123,125
118,119
123,122
121,120
135.5,126
106.5,103
126,123
122,121
135.5,137
114.5,108
137,127
148,139
142.5,139
134,129
128.5,124
113.5,116
143.5,135
118,116
136,131
155,145
92.5,93
146,140
131,127
120,121
134,136
114,115
119,121
119,121
123,125
136.5,139
129,127
139,136
122,122
132.5,131
132,129
116.5,117
145,139
122.5,122
153.5,140
115.5,116
111.5,116
128,124
131.5,130
168.5,162
134.5,125
137.5,126
116.5,112
137,135
128.5,129
130.5,127
131.5,128
108.5,103
121.5,109
89.5,86
162.5,160
125,127
116.5,103
122.5,119
143.5,137
145,136
145,142
111.5,113
99,101
125,126
120,119
156,145
131,125
127.5,123
116,125
106,103
121,123
119,122
139.5,138
129,123
153,145
146.5,134
119,120
141,137
123.5,121.5
102,102
120,119
106.5,108
129.5,126
120.5,119
124.5,123
123.5,124
132.5,124
110,106
122.5,121
117.5,122
121,127
119,119
123,124
114.5,119
113.5,107
138.5,133
109,106
158.5,143
121.5,125
122.5,130
178,166
113,110
116.5,110
154,156
137.5,134
124,124
112,112
157.5,153
95.5,94
121.5,119
137,132
111.5,112
120,117
116,109
126,121
133,130
106.5,116
123.5,120
144,141
127,125
122,122
118.5,117
136.5,134
135.5,132
145,140
159,153
113.5,115
132,123
117.5,112
117.5,120
129.5,124
109,107
119,122
105.5,106
106,103
148.5,145
118,113
134,131
111.5,109
152,135
120.5,122
111.5,112
108.5,112
140,124
167.5,162
122.5,119
153.5,148
121.5,123
146,134
131.5,124
169,164
141.5,135
131.5,124
117.5,116
116.5,113
144,137
117.5,120
130.5,126
122.5,124
109.5,106
121.5,121
144,134
132.5,109
123.5,120
112,107
112,105
104,103
153.5,137
95,92
129,123
134,131
122,120
123,120
138.5,137
121.5,118
101,100
145.5,137
125.5,124
153.5,155
121.5,120
148,144
109,114
133.5,125
120,121
120,122
132.5,129
119,118
121,121
134.5,126
122.5,123
134.5,137
136.5,133
133.5,125
161,148
99.5,99
110.5,109
100,100
118,119
133.5,123
97,103
120,122
160.5,159
106.5,103
117.5,115
150.5,144
102.75,106
118,121
105.5,99
131,129
127.5,124
119.5,116
111.5,110
130,127
120,120
118,119
125,128
130,125
149,146
123,123
153.5,145
119,120
122.5,121
107.5,103
92.5,95
116.5,111
122,120
135,133
135,127
114,109
147,139
126,133
122.5,126
136.5,125
134.5,129
135.5,129
114.5,115
131.5,126
163,148
141.5,135
120,115
169,165
147.5,140
126,125
135.5,129
124,124
137,141
105.5,105
114.5,116
132.5,125
132,124
117.5,118
123.5,121
110.5,111
122,120
129,128
116,118
124.5,125
120.5,121
130.5,123
92.5,92.5
118,118
94,88
132,129
112.5,119
107,107
142.5,139
122,126
101.5,98
122,123
120,116
124.5,126
137.5,137
142.5,139
124,117
123,120
111,112
122,120
119.5,116
97,95
117,111
145,138
137.5,132
113.5,114
120.5,121
155.5,139
130.5,123
122,121
135.5,126
135.5,127
116,114
135.5,130
143.5,134
131.25,128
139.5,139
135,128
159.5,160
121.5,119
168.5,167
101.5,105
116.5,121
124.5,123
124.5,124
130.5,142
132.5,127
142,138
108.5,108
158.5,147
117.5,117
119.5,122
107.5,98
134.5,128
173,165
120.5,120
123,125
129,126
136.5,139
131.5,128
122.5,122
146,136
119.5,120
124,125
155.5,152
131.5,131
149.5,143
118,119
122.5,121
118.5,116
130.5,130
116.5,115
119,121
123,119
128,127
117,113.5
165.5,161
134.5,124
120,122
134.5,131
137,131
124,122
135.5,127
123,123
114.5,115
138.5,143
153.5,138
141.5,143
125,125
143,136
112.5,111
119.5,120
111.5,114
112.5,106
151,148
132.25,126
121.5,120
135.5,135
134.5,129
118,117
101,103
139.5,137
114.5,116
158.5,158
114.5,113
136.5,136
107.5,106
120,122
130.5,131
144.5,145
109.5,106
122.5,125
119.5,122
133,138
147.5,140
137.5,136
116,116
122.5,115
121,113
111.5,114
119.5,102
127,126
139.5,136
136.5,131
119.5,120
106.5,108
117.5,114
155,147
123,124
117.5,114
100.5,104
116,111
132,127
164.5,162
135.5,134
116,101
109,106
93,103
122.5,115
112.5,106
151,145
159,140
139,136
119,121
145.5,140
114,108
129,124
117.5,115
118.5,119
118.5,120
119,118
118.5,111
130,125
119,115
150.5,152
122,124
138.5,132
132.5,124
149.5,138
138,145
122.5,125
120,116
122.5,123
113,113
160,143
110.5,103
124,124
127,126
116.5,117
121,120
107,109
115.5,120
145.5,137
133,134
154,152
147,142
125.5,125.5
119.5,116
105,104
122,120
118.5,117
142.5,138
124.5,130
125,125
146,136
135,124
122,120
119.75,119
129,135
122.5,122
136.5,132
142.5,133
121.5,123
128,132
121.5,121
134.5,128
117,117
123.5,127
120,120
143.5,130
160.5,156
117.5,117
108.5,109
156.5,159
118,121
112.5,116
122,120
142.5,136
132.5,127
115,112
132.5,134
142,142
103,102
123.75,123
141.5,139
116,110
114.5,117
101,101
149.5,148
113,115
135.5,123
142.5,149
123.5,120
119,120
135.25,126
122.5,121
120.5,120
120,120
123.5,128
132,133
153,141
115.5,115
107,102
117.5,116
112,112
148.5,144
137,141
156,155
129.5,126
153,147
113.5,114
118.5,115
133,132
135.5,126
114.5,110
147,141
121.5,123
121,120
161,149
127.5,132
150.5,149
126,123
111.5,113
134.5,134
136.5,137
122.5,116
106,106
114.5,113
153.5,146
126.5,125
121.5,115
118,118
116,113
117.5,114
112,107
124,125
133,130
125,124
144.5,136
122,120
145,135
112.5,108
145.5,138
121,122
119.5,115
115.5,113
114.5,107
122,120
119.5,119
120,116
132,130
111.5,110
112,115
119,117.5
118.5,119
126,124
121.5,124
134.5,131
118,115
160.5,147
111.5,108
119,118
123,115
122.5,120
122.75,113
148.5,137
97,98
121.5,120
110.5,112
112.5,108
117.5,121
131,130
158.5,159
100.5,108
123,125
116.5,112
110.5,109
117.5,116
116.5,120
135,136
112.5,107
126.5,125
130,131
135,131
136.5,134
118.25,117
99,98
126.5,125
117.5,118
125,125
135.5,134
147.5,139
115.5,109
119.5,119
122,123
131.5,123
166.5,163
122.5,121
126.5,125
100,108
124,123
119,118
123.25,114
126.5,127
120.5,124
98.5,105
120.5,121
121.5,119
147.5,146
156.5,145
155.5,146
122.5,121
132.5,127
118.5,119
119.5,115
129.5,124
121.5,122
107.5,109
125,128
120,115
111.5,113
119.5,119
122,120
117.5,116
122.5,119
107.5,114
114.5,111
126.5,128
125.5,127
110,114
160.5,159
105.5,103
108.5,107
110.5,118
122,119
142.5,133
120.5,114
120.5,121
116,113
122.5,130
121.5,119
131,132
121.5,120
118,122
122,123
119.5,119
119.5,116
122,123
119,122
154,147
124.5,123
124.5,124
131.5,131
117.5,120
116.5,118
103.5,103
112.5,113
113,119
129,116
121.5,128
112,112
120.5,121
118,114
132.5,134
134,122
124,125
163.5,145
107,103
116.5,110
160.5,148
133,126
108.5,103
119,121
124.5,123
119,120
117,115
122.5,130
110,109
128.5,124
136.5,133
101,101
119.5,120
119,111
138.5,122
111.5,113
121.5,122
164,146
131.5,127
123,124
134.25,133
121.5,122
122.5,123
133,124
119.5,118
119.5,122
152.5,141
159.5,158
112,114
122.5,124
124.5,123
117.5,112
139,136
102.5,104
124.5,123
132,133
102.5,105
103,108
129,126
136,124
107,104
122.5,120
152.5,151
132.5,127
132,126
126.5,122
135.5,133
144,137
134,128
154.5,140
104,108
113,112
131.5,125
163.5,162
138.5,138
104,103
120.5,120
131,127
160,148
112.5,110
120,121
118.5,119
145.5,140
114.5,114
121,121
120.5,123
125,125
118,122
92,88
150.5,137
128,120
109.5,108
118,108
132.5,127
163.5,150
134.5,129
107.5,107
112.5,122
114.5,110
124.5,125
120.5,122
129.5,127
105.5,109
141,136
124,121
98.5,99
152.5,143
139.5,136
122,121
119,120
100,101
130.5,133
120.5,125
125,126
122.5,122
116.5,119
102.5,101
110.5,104
119.5,120
136.5,139
126,121
159,150
108,106
130,127
118,121
114,112
117.5,118
140,126
131,137
173,163
122,125
173.5,166
120,120
123.5,125
159.5,136
132.5,131
116,109
149.5,137
123,115
99.5,94
145.5,139
135.5,132
118.5,119
109.5,102
119.5,115
112,101
120,118
132,129
114.5,115
118.5,120
117.5,111
112.5,107
116.5,119
126,127
117.5,120
113,114
121.5,122
97,99.5
114,118
122.5,122
147,136
126.5,123
122,118.5
129.5,130
128.5,123
112,106
103,102
132,125
126.5,124
147,141
121,121
125,125
134,127
143.5,131
131,123
105,108
154,148
119.5,114
126,124
103,103
118.5,118
119.5,109
103.5,106
148.5,140
104.5,102
109.5,109
127,136
133.5,141
126.5,126
112.5,107
143,136
120,119
121.5,121
127,125
149.5,141
102.5,103
122.5,121
113.5,102
121.5,121
132.5,126
86,89
136.5,134
103.5,101
95.5,98
121.5,121
116.5,112
124.5,124
123.5,126
97,94
115.5,110
120,103
153.5,136
146,139
158.5,157
121.5,119
108.5,112
126,126
122.5,120
118,109
121.5,124
129,126
103.5,97
113.5,104
133.5,133
120,119
123.5,125
119,120
110,114
104.5,98
132,127
116.5,110
138,149
121.5,121
110.5,110
122,124
108.5,106
160.5,145
87,86
118,110
134,131
136,138
118.5,124
136,143
118.5,122
121.5,121
114.5,119
130,125
138.5,138
102.5,100
134.5,128
118.5,117
133,117
119.5,127
139.5,140
115.5,109
132,128
130.5,123
133.5,124
133,132
118.5,119
112,110
123.5,126
121.75,122
135,126
120.5,119
165.5,160
140.5,134
119.5,120
92.5,94
124,120
120,118
129.5,124
106.5,104
141.5,142
124,124
156.75,143
107,105
112.5,111
100.5,101
119,116
139,134
133.5,132
132,124
116,119
119.5,115
135.5,128
134.5,134
88.5,87
160,155
146,146
108,107
168.5,160
119,116
122.5,119
135.5,125
151.5,150
112,107
118.5,119
145,137
120,122
137,133
114.5,117
151.5,141
118.5,115
127.5,127
103.75,101
118,111
151.5,150
134.5,127
141.5,136
150.5,143
135,134
138.5,138
145.5,142
129.5,130
93,90
127,124
122,122
156.5,149
119,121
123.5,123
127.5,127
113.5,107
125,122
107,106
116,113
129,121
125,124
117,117
117.5,117
117.5,119
105,105
118.5,119
107.5,100
169,163
123.5,123
115,121
141.5,134
116.25,119
117.5,111
117.5,121
122,122
123,122
131,124
110.5,111
122,120
120,119
112.5,114
124,126
103,104
131.5,127
121.5,122
102.5,106
105.5,107
123,124
109,109
89.5,93
144,155
142.5,138
112.5,107
108.5,103
115.5,113
125.5,123
118.5,116
116,114.5
124,122
117.5,118
126.5,121
107,101
104,114
130.5,130
118.5,113
130.5,131
110.5,107
146,145
133,126
139,136
118.5,112
121.5,123
115.5,102
106.5,109
116,106
137,130
114.5,111
114,112
123,120
110.5,106
139,134
118.5,114
130.5,122
117.5,114
146,144
148.5,143
148.5,143
158.5,149
136.5,130
122,118
128.75,123
101.5,100
152.5,136
133.5,132
143.5,142
117.5,110
110.5,111
106.5,102
118.5,121
154.5,152
121,119
156.5,141
133.5,134
136.5,135
118.5,119
119.5,118
107.5,105
117.5,118
92.5,103
135.5,131
161.5,161
123.5,124
122,125
101.5,102
101.5,102
148,144
149,136
169.5,160
125.5,125
103,105
111.5,114
130.5,123
135.5,127
107.5,106
118,117
152,150
106.5,108
142,132
117,114
121.5,122
121,122
137,127
119,119
124,128
133.5,131
120.5,115
100.5,101
141.5,131
111,109
131.5,126
122.5,121
118,118
155.5,143
121.5,122
121,123
118.5,119
120,126
110.5,111
111.5,109
117.5,109
144.5,133
122.5,123
127,127
115.5,118
114,116
120,123
138,136
118,119
132.5,137
139,135
110,108
145.5,139
145.5,142
157.5,159
119,122
138.5,137
135.5,127
111,115
125,127
117,106
120.5,121
123,123
158,155
133.5,130
121,122
111.5,109
106.5,104
122,121
120,120
122.5,124
121.5,122
106.5,108
155,160
128,126
122.5,121
103.5,103
114.5,115
130.5,127
133,131
117.5,123
136,135
124,126
167.5,166
117,118
107,107
148,135
116.5,117
125.5,121
124,125
131.5,129
142,133.5
120,118
116.5,112
141.25,132
131,128
124,122
123.5,122
160.5,153
129.5,124
107.5,114
131.5,127
122,121
120,118
123.5,122
122,119
122,119
153.5,141
116.5,108
151,143
114.5,109
126.5,132
123.5,122
131.5,130
127,124
116,119
106.5,104
115.5,111
124,122
117,117
119.5,121
121,112
120.5,121
120,119
139.5,137
135.5,136
138.5,134
122,121
108.5,108
114.5,106
135,135.5
118.5,119
119.5,120
120.5,121
120,120
126.5,124
137.5,127
123,122
106.5,106
138,136
121.75,121
130.75,127
118,109
119,111
129,123
130,123
116,111
125.5,123
136,137
158,159
118.5,121
117.5,112
120,118
138,137
119,119
126,113
129,128
118,119
145.5,132
136,125
132,125
151,147
129.5,130
117.5,119
119.5,123
148,144
119,116
122.5,127
153,139
120.5,116
118,120
124,126
156.5,154
119.5,121
113,109
128.5,123
118,103
133.5,125
125.5,122
99,98
121.5,123
147,147
118,120
118.25,119
122.5,123
142.5,138
104.5,110
118,118
105.5,103
108.5,106
128.5,125
160,149
117,115
126.5,126
140,133
134.5,133
133,133
122.5,122
121,123
118,118
121.5,121
124,122
132,134
158,147
121.5,122
119,120
115.5,112
145.5,127
126.5,126
132.5,126
120.5,115
148,138
109.5,111
107,105
139.5,130
146,137
123,115
119.5,117
114.5,117
153.5,138
99.5,98
123,123
135,127
124.5,131
120,120
119.5,116.5
176.5,179
124,122
122,122
132.5,136
100.5,101
162.5,151
122,119
108.5,115
99.5,99
144,137
154,145
135,129
119.5,122
160.5,160
128.5,127
119,124
122.5,122
138,139
119,120
121.5,121
150.5,136
122.5,121
89,94
132.5,130
133,130
121.5,125
137,136
114.5,106
126,133
89.5,89
124.5,124
113.5,115
115,113
171.5,159
122.5,118
123,123
122,117
126,128
124,123
127,126
118.5,118
158.5,149
156,145
135,128
113,118
113,118
91.5,96
110,109
143.5,137
139,134
141.5,134
119.5,119
114.5,107
159,151
132,125
120.5,125
107.5,106
118.5,115
137.5,134
141.5,136
118,104
122.5,123
134.5,136
123.5,122
117.5,116
109.5,105
119,115
130.5,127
136.5,128
138,142
106.5,108
123.5,123
110,114.5
130.5,129
118.5,117
86,87
141.5,134
123.5,122
121,119
130.5,128
159.5,149
110,107
121,122
116.5,113
138,135
145.5,147.5
111,111
113.5,111
146,139
128.5,125
137,136
131.5,127
135.5,129
133,130
116,119
114.5,108
117.5,119
118,117
124,124
122,116
118.5,119
127,126
134.5,128
108.5,109
144.5,134
137,130
122,123
109,104
115.5,115
109.5,109
116,107
149.5,149
121,116
122,123
148,142
119.5,118
119,111
123,137
133.5,127
142.5,141
99.5,103
151.5,145
130.5,122
145.75,140
111.5,111
134.5,120
120.5,121
120.5,121
115,118
124,125
131.5,124
122.5,126
122,123
109.5,115
153.5,150
114,111
124,124
121.5,116
136,135
141.5,141.5
125,127
111.5,108
122.5,125
116.5,113
107.5,102
125.5,122
141.5,135
113.5,112
158,144
118,116
122,122
130.5,127
116,116
122,121
109.5,107
127.5,124
121.5,123
130,130
161.5,154
131.25,123
107,107
122,118
148,138
114.5,112
124,122
118,120
141,136
98,97
121.5,119
120,124
122.5,119
119.5,120
95.5,97
117.5,119
136.5,130
103,104
122,124
123,119
118,117
120,120
116.5,102
124.5,122
121,122
120.5,119
102.5,107
125,124
115.75,117
144.5,134
116.5,121
120.5,119
137.5,136
101.5,101
117.5,111
132,133
131,127
114,109
136.5,134
97,98
124.5,122
121,119
123,122
109,108
114.5,113
124,121
119.5,117
117.5,119
131.5,127
153.25,137
114.5,117
120,119
117.5,115
107,107
123,122
163,160
130.5,127
126,124
150,138
126,127
130.5,128
93.5,92
118,120
134.5,136
131.5,128
136.5,132
114.5,106
103.5,103
117.5,112
114.5,111
122.5,124
138.5,134
116,108
119,114
125.5,122
125.5,125
110,106
122,119
107,106
114.5,110
132.5,126
161,155
119.5,120
121,120
122,124
124,126
120,120
119,119
130,126
121.5,123
119,116
122,120
121,121
91.5,96
99,99
117.5,115
121.5,123
123,122
133,122
116.5,120
120.5,122
156.5,143
116.5,111
122.5,122
119.5,121
130,127
119,115
129.5,123
152,143
150,143
116,119
115.5,110
116.5,114
163,160
124.5,123
130,127
110.5,112
137,134
135,127
126.5,125
125.5,132
128.5,127
123,122
130,120
140,137
120,121
129,125
106.5,106
144.5,138
100,102
130,127
106.5,108
153,147
117,119
106.5,109
113.5,114
97,99
135,136
128.5,126
128.5,127
121,114
119,113
139,133
137,136
117,109
118.5,120
166.75,161
122.5,124
106.5,109
106.5,108
121.5,122
112.5,111
112.5,112
132,123
122.5,124
135,134
98,103
128.5,124
123.5,126
126.5,130
134,134
118,118
114.5,109
130,127
120.5,122
120,122
93.5,90
149.5,142
119.5,120
121,116
118.5,118
114.5,119
132.5,131
129.5,130
132.5,129
122.5,121
109,116
94,98
169.5,165
130,130
122,125
132.5,129
117.5,119
147.5,139
126,126
152.5,138
120,116
124.5,124
115,113
108,112
126,127
125,122
107.5,112
119.5,117
132,126
134.5,124
139.5,138
122,127
128.5,126
119,108
161,162
112,108
105.5,102
130,132
113,109
103.5,103
114.5,108
113.5,119
112,117
118.5,118
123,125
106,106
153.5,142
132,126
110,111
162.5,148
123,117
122.5,124
111.5,108
135.5,136
159,140
111.5,109
119,106
120.5,125
116,112
120.5,121
122,123
119.5,119
120,115
120.5,120
118.5,119
119.5,129
126,121
123.5,129
121.5,122
122,121
136.5,133
132,129
109.5,108
114,114
117,117
123,119
135.5,132
123,125
105,106
136.5,137
153,145
121.5,120
115,109
139.5,126
155.5,151
151.5,145
132,126
115.5,118
122,121
98,98
120.5,119
122,118
126,125
92.5,91
140.5,134
117.5,111
134,131
121.5,123
122.5,125
120.5,120
130.5,115
124,128
119.5,120
111.5,107
103.5,100
139,128
151.5,139
119.5,122
143.5,149
112,109
130.5,130
126,124
96,97
115.5,110
119.5,123
111.5,104
124,127
171.5,163
125,123
119.5,121
131,127
120,120
131.5,126
154.5,144
123.5,124
119,121
132.5,127
122.5,119
167,158
128.5,124
120,119
115,106
125.5,125
118,126
145.5,136
132,123
112.5,108
117.5,115
133,126
97.5,101
149,145
125.5,124
134,130
121,120
137,139
104.5,107
122,117
132.5,127
110,107
150.5,144
131.5,125
136,134
132.5,127
143.5,134
122.5,122
103.5,110
119.5,120
122,114
121.5,121
120,121
119.5,119
135.5,130
121,120
133,134
141.5,134
120,122
137.5,127
113.5,113
116.5,107
141.5,134
117.5,119
121.5,119
134,132
120.5,109
123.5,122
122.5,119
140.5,126
144,138
124,123
160,155
132,128
123.5,123
122.5,122
139.5,137
119,121
125,123
109,109
135,134
124.5,124
119,113
118,117
116,112
146,146
121.5,120
114,116
118,117
119.5,116
124,122
114.5,108
120.5,120
114.5,118
134,136
121,122
133,127
117.5,118
122,122
119.5,120
146.5,142
147.5,146
91.5,88
123,124
125.5,122
110,104
121.5,121
130.5,126
120,121
134.5,132
136,133
123,123
93.5,101
127.5,123
117.5,111
128.5,123
107.5,106
111.5,114
107.5,106
115.5,114
112.5,107
123,121
124.5,123
134,131
110,106
120,120
146,134
119.5,117
132.25,127
116,119
98.5,104
112.5,111
120.5,121
154.5,144
123.5,123
121.5,119
141.5,132
124.5,119
126.5,127
121.5,123
122,123
114.5,116
151,152
122,123
127,126
105,103
132.5,132
108.5,110
150.5,145
98,97
118,121
164,159
125,123
134.5,131
98.5,94
147.5,137
121.5,122
135,115
154,143
121.5,119
111,101
122,126
122.5,120
106,106
121,120
137.5,134
141.5,141
120,118
137,134
124,123
110.5,113
121,116
117.5,116
119,118
132.5,136
114.5,114
98.5,102
126,127
121,122
136,135
131,129
119.5,118
114,110
117.5,120
160.5,146
114.5,112
105.5,103
103.5,102
112,113
115.5,116
119,120
119,121
132.25,129
122,122
146.5,140
122.5,126
145,140
128.5,127
117.5,119
117,113
141.75,139
112,110
98,100
103,107
142,134
120,121
110,109
111.5,111
114.5,114
132.5,136
98.5,102
110.5,111
138,127
119,115
155,139
114.5,110
129,129
121,120
114.5,111
120.5,122
100.5,99
130,126
147,135
120.5,122
113.5,113
123,121
106.5,111
122.5,122
130,127
105.5,98
142.5,134
108.5,103
122.5,122
99.5,100
156,155
113.5,114
127.5,125
118.5,114
119,119
122,122
139.5,134
135.5,132
112.5,113
132.5,127
123,110
122,122
125.5,124
141.5,133
138,145
120,121
123.5,122
132,135
114,103
118.5,123
113.5,114
127,128
111.5,106
125,127
117.5,113
119.5,116
119.5,120
123,124
121,124
117,120
132,127
118.5,113
108.5,107
117.5,115
112.5,109
131.5,128
84,96
125.5,125
138.5,138
125.5,123
112.5,109
100,99
118,118
118,120
129.5,125
113.5,114
126,123
134,132
115.5,116
111.5,103
119,124
103.5,103
112.5,103
119.5,116
130.5,122
136.5,127
116,108
122.5,126
122.5,122
117.5,120
131,127
98.5,96
99,102
113,105
122,124
121,122
121.5,122
155.5,138
116.5,122
98.5,99
107,106
120,117
137,136
136.5,127
122.5,122
170,164
144,140
108.5,111
134,134
115.5,109
135.5,128
117.5,119
125,124
119.5,115
100,101
133.5,132
109,114
119,120
113.5,101
97,96
160.5,162
117,120
136.5,124
105,105
137,132
116.5,117
121.5,120
116.5,120
120,117
161,158
122.5,124
131.5,127
122,123
127.5,126
118,118
123,125
105,103
122,122
109.5,106
123.5,121
130,130
142.5,139
142.5,135
137,134
106.5,106
120.5,122
116.5,117
132,130
118.5,121
135,132
159,146
116.5,118
122.5,121
122.5,123
135.5,138
102.5,102
112.5,114
130.5,129
122,121
118.5,120
131,131
118.5,113
117,116
109,109
121,121
110.5,109
120.5,118
125,123
124,123
114.5,113
122.5,121
134,128
130,127
116.5,119
124,136
128,123
121.5,122
120,118
124,126
147.5,134
133,132
100,97
114,119
114.5,117
178.5,161
100.5,102
122,115
126.5,124
153.5,145
124,122
125.5,124
121.5,122
126,123
147,139
120.5,117
113.5,116
135,136
108.5,110
134.5,134
141,133
123.5,122
134,128
133.25,127
154,146
155.5,151
135.5,131
105,106
141,143
122,120
116.5,116
126,122
153.5,136
130,130
135.5,131
132.5,129
122.5,121
110.75,112
139,134
119.5,119
104.5,104
119.5,120
139.5,133
184,184
100.5,100
108.5,100
120,120
121.5,120
105.5,103
116.5,113
151.5,139
161.5,159
133,139
129,127
118,112
139.5,135
116.5,114
128.5,127
134,135
142,142
117.75,121
120.5,121
115.5,115
130.25,123
155.5,145
132,132
91.5,90
133.5,126
144,142
139.5,146
107,102
121,120
135.5,144
124,126
123,124
137,135
124,122
120,121
119,109
130.5,125
116.5,111.5
92.5,95
96.5,90
137.5,131
142,141
122.5,118
109,110
119,120
139,131
111.5,108
107.5,107
100,99
119,115
114.5,119
139.5,134
98.75,101
118,118
121,121
129,126
124.5,122
134,126
167.5,162
139.75,144
120.5,122
132,123
120,122
139.5,131
133,126
114.5,121
109.5,101
126.5,126
117,114
162,160
116.5,119
121.5,122
147,146
153.5,151
100,100
138,143.5
109.5,102
126.5,124
108.5,103
132,136
158,150
133,140
111.5,111
122,124
128,121
130,126
124.5,122
107.5,103
135,132
148.5,140
121.5,121
121.5,121
122,121
119.5,113
112.5,111
115,117
131.5,134
113.5,110
113,109
125.5,122
134,133
131.5,124
121.5,111
153,138
127,126
137,136
132,127
119,112
106.5,102
131,127
142.5,144
111.25,103
111.5,111
132,132
126,125
119,122
113,121
118,120
150,137
136,134
131.5,124
89.5,93
121.5,122
131.5,126
117,118
143.5,152
120,122
132.5,122
133.5,135
116.5,121
139,137
124,122
124,127
121,120
132.5,131
116.5,118
112.5,112
131.5,135
99,103
123,122
105,101
137,139
110.5,103.5
154,145
117.5,119
117,119
137,129
159,148
131.5,130
107,104
86,90
106.5,103
148,136
171,162
156,152
119,121
118,114
123,123
135,129
139,137
120.5,117
117.5,118
141,134
109.75,107
158,151
106,109
120,121
152.5,149
120,123
125,124
120,120
126.5,124
113.5,113
118.5,117
125,125
121.5,123
171.5,166
118.5,123
121.5,123
134,134
123,128
113.75,119
144,142
133.5,130
135.5,139
109.5,108
116,117
126.5,121
130.5,130
159.5,158
112.5,107
122.5,119
132.5,124
112,113
131.5,124
156.5,147
144.5,135
113.5,110
133.5,130
103.5,103
149,145
106.5,103
156,150
147,153
152,140
117.5,113
117.5,118
91,91
112,107
113.5,116
134,126
118.5,121
110,106
114.5,115
106.5,106
99,98
111.5,112
123,123
100,103
113,109
99.5,99
122,124
137,136
158,143
108.5,111
111.5,111
118,119
114.5,116
153.5,144
120.5,121
121.5,127
102,103
130.25,127
107,107
109.5,104
121.5,122
161,161
123,123
120.5,119
116,112
151.5,134
110,110
122.5,115
103.5,103
138.5,132
128.5,123
112.5,109
153.5,137
134,130
121.5,122
154.75,141
123,123
119.5,120
119,122
153.5,139
126,128
137.5,137
145,134
119.5,120
106.5,106
135,132
121.5,120
129.5,127
123.5,122
121,123
129,126
151,141
98.5,98
146,136
129,127
121.5,120
134.5,137
131.5,126
119,121
122,120
122,119
148.5,144
149.5,146
141.5,129
121.5,120
118,116
121,124
152.5,139
131.5,124
108.5,111
100.5,102
128,124
117.5,118
107,108
124,120
99.5,99
137.5,141
145,140
121.5,122
116.5,115
119,107
130.5,123
121.25,125
118,121
159,157
117.5,119
134.5,133
143.5,136
120.5,118
99,99
129,137
90,88
160.5,150
106.5,112
140,134
149.5,154
142.5,145
128,125
109,109
115,115
113.5,116
122.5,121
120,122
117.5,117
151.5,160
121.5,120
118.5,121
134.5,130
118.5,117
152.5,140
122.5,123
132.5,131
107,107
132.5,131
140,135
122,120
126,124
124.5,123
147.5,146
105.5,106
117.5,118
119.5,125
116,112
121,121
121,119
112,108
139.5,127
123.5,126
132,127
119,118
134.5,126
116.5,116
135.5,127
114,115
153,146
104,103
136.5,134
115.5,114
112.5,106.5
135.5,132
106.5,107
147.5,144
129,124
129,126
120.5,120
122,125
160.5,159
126,128
141,128
151,145
120.5,122
123.5,126
151,142
117.5,116
131.5,129
126,126
131.5,122
121.5,121
119,116
127.5,126
123,125
130.5,126
126.5,126
94,96
110,108
140.5,135
97.5,98
128,123
109,108
126.5,126
116.5,117
125.5,124
118.5,118
128,125
134.5,125
134.5,132
118.5,120
111.5,114
135.5,131
139,131.5
109.5,106
122,122
93.5,99
98.5,98
125,120
116.5,117
127.5,133
137,130
111.5,109
115.5,115
123,125
120,118
120,120
135.5,135
133.5,130
135,130
135.5,137
123,125
124,128
133,131
158.5,153
125.5,122
114.5,106
158,154
126,123
134,127
158.5,149
110.5,116
119.5,122
131,126
115.5,114
136.5,134
130.5,135
114.5,103
131,123
146.5,136
134.5,126
159.5,153
118,121
115,116
121.5,121
122,123
89.5,87
145.5,140
118,119
137,134
141.5,138
134,133
129.5,123
120,120
123,120
118,112
155,146
110.5,120
120.5,116
127.5,126
124.5,121
99,99
120,124
109,110
136.5,124
145.5,135
122.5,119
104,106
114.5,114
119,121
122,117
116,104
122.5,120
139.5,143
121.75,120
136.5,131
116.5,113
123.5,123
140.5,143
106,104
107,103
139.5,134
140.5,140
132.5,130
109.5,104
152,148
138,129
112,109
154,151
137.5,131
108,100
122.5,121
123.5,127
123.5,125
103.5,106
118.5,115
112.5,108
113.5,104
109,107
113,119
136.5,134
119,114
113,103
142.5,136
118,118
129.5,124
125,122
131.5,129
153.5,159
120,119
122.5,125
114,116
125.5,123
119,112.5
117.5,116
122,122
134,136
118.5,119
121,119
122.5,125
135.5,138
126.5,124
105.5,106
153.5,148
125.5,127
129,127
116.5,106
151.5,137
97.5,98
123,122
112.5,108
115.5,106
121,121
121,121
111.5,115
108,107.5
141.5,132
144,139
127.5,129
135,134
108,108
160,160
135.5,131
114,112
130,120
146.5,141
99.5,103
118.5,117
139,138
104,100
119.5,121
126.5,124
116.5,119
108,108
122.5,123
131.5,128
150,149
115.5,116
119,117
133.5,129
122.5,124
125.25,121
116.5,117
114,112
121.5,122
133,133
122,124
111.5,110
145,134
122.5,124
121,111
122,124
122,127
156.5,142
122,120
141.5,134
174.5,165
128,123
121.5,120
130.5,127
159.5,152
106.5,112
147.5,132
141.5,134
124,122
107,103
123.5,125
111.5,110
118.5,118
123.5,123
100.5,102
128,128
129,128
111,106
140.25,134
132,120
137.5,136
129.5,123
120.5,118
139.5,137
147,143
123,122
117.5,119
122.5,123
119.5,115
130,124
133.5,126
133.5,127
130.5,133
146.5,144
122.5,124
131.5,128
122,122
136.5,126
130.5,127
121.5,112
147,139
127,127
127,127
160.5,144
116.5,116
126.5,126
134.5,132
112.5,120
120,122
136,136
134.5,130
135.25,130
132.5,130
113.5,112
122,119
111.5,114
133,131
135,136
123.5,123
111,106
136.5,130
109.5,104
120.5,119
141.5,126
122,125
117,118
119,127
135.25,134
111.75,108
125,119
122,120
105.75,107
159.5,157
117.5,115
152.5,135
113,111
131.5,132.5
124,119
137,136
131.5,124
120.5,120
138,129
107,103
135,135
116,110
133,131
119.5,119
154.5,157
117.5,121
122,121
122.5,125
117,116
114,118
145,139
137.5,134
147.5,145
116.5,100
114.5,108
120.5,119
100.5,100
108.5,109
135.5,133
122.5,128
149.5,135
122.5,122
117,104
133,132
107,119
132.5,126
120,118
125,127
128,123
114.5,113.5
109.5,100
114.5,113
123.5,126
148.5,145
119.5,115
120.5,121
153.5,146
116.5,110
132,124
139.5,137
151.5,146
110.5,110
142.5,137
134.5,132
130.5,125
99.5,101
114.5,109
132.5,122
111.5,113
137.5,145
118.5,117
132,125
122.5,119
121.5,125
129,126
129,123
124.5,119
151.5,141
164,159
119,121
115.5,110
93.5,92.5
114.5,107
129,127
152,139
113.5,117
123,127
126,124
123,123
104,100
111.5,109
148,144
117.5,118
142.5,143
120,120
122,121
122,123
123,123
112.5,112.5
136.5,135
107.5,104
116.5,115
160.5,161
154,133
124,122
134.5,133
117.5,117
124,125
108.5,109
115,106
117.5,113
115.5,110
141.5,140
107.75,106
158.5,146
125,126
130.5,125
135.5,134
147.5,137
124.5,124
124,127
126,127
161,143
120.25,122
112.5,106
107.5,110
122,125
114.5,103
109,111
122,118
132.5,126
117.5,118
125,126
158.5,142
122,120
119.5,113
111.5,110
109.5,112
163.5,149
107.5,110
122,115
134,126
132,119
162,153
118,117
135.5,127
135.5,132
107,106
133,123
122,121
120.5,121
155.5,147
121.5,121
140,137
122.5,121
109,100
143.5,137
152.5,145
113.5,109
160.5,159
137.5,142
130,121
128.5,133
137,144
155,155
160,152
103,100
121.25,120
109.5,112
118.5,118
102.5,100
122.5,122
142.5,137
158.5,150
139.5,133
138.5,133
114.5,110
131.5,127
140.5,132
118,115
132.5,141
136.5,138
130,132
85.5,86
134,138
96,94
165,160
132.5,132
92.5,95
125,124
124.5,125
153.5,150
130,125
119.5,111
115.5,111.5
123,124
145.5,139
113.5,117
128.5,135
133,131
117,106
118.25,123
137,128
113.5,115
119.5,118
135.5,133
133,128
148.5,140
145,137
110.5,100
127,125
119,118
122.5,121
120.5,121
112.5,110
145.5,130
170,160
123.75,122
118,115
141,138
124,125
112,106
145.5,151
122.75,119
121.5,117.5
120,121
97.5,92.5
123.5,125
135.5,135
124.5,123
109,107
114.5,110
136.5,135
108.5,107
131.5,127
114.5,118
135.5,135
149,135
114.5,115
106.5,106
106.5,109
114.5,121
138,134
120.5,121
137,139
142.5,137
122.5,124
121,120
122,120
134,126
131,139
122.5,110
122.5,120
118,116
115.75,117
118,120
162,162
107.5,106
106.5,118
114.5,106
114.5,104
122,120
120,120
126.5,124
142.5,139
126.5,123
120.5,125
111,108
130.5,131
141.5,137
109.5,103
98,89
135.5,127
148.5,132
92.5,93
160,158
130,133
120.5,121
122,123
161.5,145
125,126
111,109
130,127
128.5,126
114.5,116
135.5,131
120.5,117
153.5,140
115.5,111
139,138
137,137
124,127
125,120
126.5,127
152.5,136
115,111
107,104
103,101
116.5,120
127.5,125
121.5,122.5
123,121
129.5,124
130,133
136.5,138
160.5,160
118,106
120.5,122
112.5,117.5
112.5,112
113.5,118
105.5,104
100.5,104
123,122
122.5,122
143.5,133
142.5,140
141.5,140
92.5,97
123,121
147.5,135
117.5,109
124.5,133
132.5,135
117.5,121
109,108
129,126
118,117
145.5,139
105,103
121,121
99.5,102
128.5,126
108,109
136.5,132
117.5,118
123,124
127.5,126
123,124
107,98
153.5,136
137,122
92.5,91
86,86
130,124
126.5,124
120,119
115.5,110
122,119
119,113
133,134
137,132
116,113
146.5,137
130,128
148.5,143
120.5,119
105.75,105
137,138
137.5,131
123.5,125
133,124
100.5,100
134,128
109,111
121.5,121
130.5,124
130.5,127
120,119
121.5,122
138,134
136.5,124
120,114
134.5,127
137.5,137
144,135
117.5,120
129,124
155.5,149
159.5,141
131.5,124
125.25,124
113.5,111
115.5,119
123,125
137.5,133
151.5,142
85.5,91
87.5,91
120,122
107.5,104
125,123
146.5,137
123,117
139.5,144
116,113
120,122
119,121
101.5,100
130.5,126
121.5,121
121.5,124
129,126
126,125
105.5,105
118.5,116
147.5,143
123,122
101,99
99,100
121.5,121
154,146
105.5,105
124.5,127
144.5,134
159,152
122.5,123
98,95
151.5,142
124,123
114.5,107
115,113
114,111
126.5,115
120.5,120
117,115
118.5,110
121.5,119
143.5,134
120,118
123.5,125
122.5,122
147.5,135
130.5,134
112.5,112
113,112
159.5,154
126.5,126
111.5,111
144,126
117.5,112
125.5,125
159,160
178.5,160
124,123
109,104
119.5,118
131.5,125
146.5,141
124,124
126,125
109.5,102
126,125
113.5,113
144,132
105.5,116
117,122
119.5,115
104,109
121,122
121,122
113.5,106
132.5,134
118,119
138.5,138
117,113
139,135
122.5,121
140,137
136,134
134,127
148,140
141.5,138
133.5,128
132,129
124.5,119
118.5,121
131.5,124
136.5,135
147.5,140
126,124
153.5,145
109.5,102
120.5,119
118,112
132.5,129
111.5,101
144,136
134.5,134
122.5,123
160.5,158
96.5,99
122.5,124
121,120
141.5,134
133.5,131
104,109
167.5,161
121.5,120
135.5,127
126,124
112.5,110
117.5,116
124.5,122
105.5,101
136,134
110.5,97
102.5,99
121.5,119
117.5,119
115.5,110
132,127
115,126
132.5,127
121.25,122
124,123
118.75,109
119.5,121
135,136
132.5,129
115.5,115
153,140
160,147
112.5,112
156,139
105,107
113.5,115
111.5,107
133.5,135
110,112
121,123
99.5,100
108,110
123.5,121
134,138
133.5,126
122.5,121
143.5,134
124.5,123
123,122
114.5,117
124.5,123
113,113
131.5,122
153.5,146
136,134
164,162
122.5,122
91.5,99
111,111
119.5,123
147.5,139
137,132
117.5,119
164,152
116.5,121
130.5,128
138.5,137
119,122
116.5,120
158,138
136.5,131
117.5,114
115.5,113
126.5,127
117.5,114
122,124
113.5,115
92.5,91.5
118,123
128,123
106.5,110
122.5,123
119.5,119
120.5,123
142,135
119.5,119
122,113
117,111
112,115
117,114
160.5,157
123.5,122
123,122
119.5,119
106.5,105
114,112
116.5,123
121.5,123
133.5,137
154.5,145
132.5,131
109,107
125.5,119
132.5,131
139,138
139.5,130
124,126
162,149
135.5,137
115.5,114
154,139
107.5,104
135,132
134.5,133
121,114
160.5,134
114.5,113
120,123
114.5,116
119.5,120
142.5,134
158.5,151
118.5,109
112.5,120
161,161
112,116
89,90
118,117
96,100
129,126
113,112
83.5,85
141.5,130
125,124
147,137
123,120
131.5,130
111.5,109
122.5,122
100,100
126.5,123
125,125
132.5,128
158.5,159
136.5,135
119,114
114.5,118
159.5,144
122,123
124,125
98.5,100
112.5,112.5
102.5,102
121.5,118
132.5,137
154,138
148,136
151,136
160.5,156
105.5,103
124.5,123
125,128
106.5,99
119,109
123,126
118,115
123.5,119
109.5,115
143.5,139
131.5,129
153.5,139
125.5,128
118.5,117
125.5,123
120.5,119
144,143
152,154
116,114
102,101
100,100
106.5,110
124.5,121
105.25,100
127.5,127
106.5,101
135.5,126
123,123
123,120
124.5,122
124,123
125.5,123
158.5,149
142.5,132
114,120
118,113
120,126
108.5,104
124,122
141,136
100.5,104
108.5,99
135,132
117.5,118
100,103
141.5,145
122.5,125
108.5,112
118,118
124.5,124
123,123
125,124
125,122
122,122
128.5,126
104,103
102.5,100
122.5,125
116,113
114.5,118
142,140
111.5,107
105.5,106
127,127
92.5,88
127,119
118,114
101.5,99
132.5,127
110.5,102
119,115
117,113
148.5,145
122,123
123.5,123
122.5,122
126.5,123
168,160
119.5,124
119.5,119
103,103
98,100
104.5,104
122.5,122
118.5,120
128,129
119,121
155.5,139
135.5,134
143.5,144
130,136
142.5,140
119,121
131.5,126
114.5,118
133.5,131
131,126
148.5,144
124,124
98.5,97
110,103
131.5,124
99.5,103
137.5,134
120,119
112,110
124.5,123
116,115
134.5,132
129,124
119.5,121
109,107
126,123
130,122
108,104
120.5,115
122.5,123
121,119
103.75,107
162,158
128.5,124
144,136
120,120
130,127
117.5,118
131,124
126.5,125
152,137
130.75,126
132.5,133
136.5,130
134,128
118.5,119
102,102
142.5,132.5
140.5,129
122,121
112,111
140.5,135
153.5,145
153,153
113,106
124.5,128
138,136
148,138
118.5,122
141.5,134
112.5,104
119.5,122
133,130
128.5,124
134,134
125,126
106.5,103
132.5,132
132.75,131
117,109
150,139
114.5,107
118,110
138,127
117.5,119
107,103
118,117
118,118
129.5,129
131.5,131
147.5,145
121.5,122
130,129
125,123
117.5,115
152.5,135
137,134
126,127
127.5,131
127,126
161.5,150
121.5,111
121.5,113
118.5,119
112.5,123
112.5,117
135,135
119,122
118,119
125,117
117.5,117
139,129
121.5,122
122,121
132.5,134
115.5,115
139,139
136,125
134,126
123,123
135,128
120,120
161.5,161
114.5,111
112.5,119
129.5,123
120,120
117.5,116
131,127
125,122
135,127
120.5,114
107.5,105
119,119
157.5,152
111.5,104
97,103
148.5,141
131.5,126
122,117
121,128
117,116
120.5,118
121.5,121
146.5,134
161.5,161
143,139
161.5,158
145.5,136
125,128
124.5,123
122,122
117,119
129.5,127
123.5,122
147.5,137
114,112.5
132.5,133
134.5,127
132.5,123
134.5,129
139,136
130.5,124
138.5,133
122,121
115.5,107
120,118
131.5,132
119,120
104,103
127.5,128
116,116
122,118
120.5,120
152,159
118,111
116.5,116
122,120
147.5,134
122,119
119,120
128.5,127
120.5,120
122,124
103,103
118.5,108
119.5,117
111.5,107
135.5,136
145,139
113,111
105,99
123,118
115.5,114
160.5,158
156.5,152
131.5,127
126.5,128
120.5,121
125,126
122.5,122
136,135
97.5,99
124,124
125,122
114,107
104.5,102
130.5,126
118.5,124
123,122
153,139
114.5,104
122,122
116,113
120,122
95.5,96
120,116
123,123
134.5,132
109,117
122,121
116,111.5
123.5,124
127,124
108.5,106
99.5,100
119.5,123
150.25,145
107,104
120,113
146.5,140
93,97
126.5,127
162.5,160
122.5,120
98,97
161.75,158
122,124
148,148
113.5,108
153.5,143
153.5,134
158.5,150
133.5,139
116,111
120.5,117
129.5,127
125.5,122
122,122
129,124
118,121
148.5,148
97.5,98
100,100
101.5,104
124,122
128.5,123
119,117
132.5,124
144,139
123,122
122.5,127
148,143
99.5,100
124,124
131.5,126
116.5,113
152.5,145
112.5,111
118.5,119
107.25,105
108.5,102
147.5,145
109.5,103
114.5,113
126.5,126
109.5,103
122,126
110.5,106
127.5,121
118,115
122,124
113.5,111
121.75,123
132,132
127,132
126,123
108.5,105.5
128,123
122,124
132.5,133
119.5,122
147,131
130,127
114,105
125,125
126.5,126
141,136
135,127
118.25,120
134,135
125.5,125
116.5,109
122,119
134,136
115.5,118
115.5,116
120,121
150.5,141
103,101
118,113
141.5,136
120.5,122
120.5,118
131.5,125
135,129
131.5,134
126.5,123
122,124
111.5,116
127.5,122
122.5,122
119,120
124,122
130.5,122
115,113
148,139
141.5,130
114.5,110
113,111
122.5,123
121,117
122.5,121
136,136
111,109
132.5,122
127.5,127
132.5,132
143.5,139
96.5,95
130.5,127
126.5,122
107,103
113.5,109
132,123
126,134
117.5,115
125.5,122
134.5,130
119,122
146.5,153
175.5,162
142.5,135
104.5,108
135,129
116.5,111
112.5,114
117.5,113
124,123
120.5,124
121,122
130.25,134
118,121
158,148
143,139
159,152
124,122
110,109
110.5,112
114,115
120.5,120
117.5,107
124,123
114.5,112
145.5,136
135,128
117.5,112
118.5,114
131.5,132
153.5,142
119,120
136,139
125,122
98.5,101
118.5,117
134.5,130
119.5,119
114.5,113
124,123
126,125
121,123
131,131
122,122
120,124
147.5,134
125,129
118.5,123
98.5,103
111.5,104
153.5,146
123.5,123
140,139
102,98
128,133
136,129
121,123
124,125
123,127
124,124
118.5,118
107,108
130,124
100,99
111.5,108
106.5,101
124.5,123
142.5,142
132.5,128
135,145
122,124
122.5,123
123.5,126
161,159
121.5,122
121,124
121.5,122
153.5,149
123,113
144,139
134.5,124
136.5,139
116.5,120
134.5,134
123.5,124
108,114
115.5,116
92.5,98
145.5,142
121,121
116.5,118
119,119
111.5,110
128.5,126
125.5,121
103,106
122.5,122
147.5,142
106,100
118,109
104.5,116
119.5,118
134.5,131
106.75,107
116.5,120
135.5,126
109.5,111
113,111
122,119
162,168
136,131
134,126
120,111.5
134.5,134
142,137
118.5,114
130.5,131
105,103
118,116
126,121
161.5,157
130,126
112,116
120.5,123
130.5,127
152.5,143
122.5,124
152.5,151
122.5,123
122.5,124
120,120
125,121
133,136
126.5,120
148,137
134,136
121,117.5
112.5,105
135,134
132,125
119,117
159.5,145
120,119
130.5,130
131.5,126
152.5,139
123,127
103.5,101
120,121
120,119
112.5,108
133,127
128.5,125
112,109
118,114
120.5,121
107,102
114,115
119.5,119
139,135
144.5,136
124,125
118,120
119,112
116.25,112
104,109
135,134
122.5,123
135.5,130
123.5,126
143,140
128.5,120
119.5,118
153.5,139
116,115
126.5,123
123.5,124
122.5,113
106.5,106
117.5,120
158,151
120.5,118
120.5,120
122,119
122.5,123
120.5,120
124,124
116,110
92.5,89
162.5,161
149.5,143
132.5,126
131.5,122
124,122
100.5,98
125,123
120,119
132,126
116.5,119
122,110
118,112
130,126
118,119
115.5,116
152,145
100,111
126.5,126
118,113
130.5,125
139.5,143
125,130
126,122
154,148
108,103
135.5,132
160.5,152
104,108
113,104
124.5,124
132,127
114.5,109
140.5,137
127.5,124
147.5,147.5
129,126
100.5,106
109.5,112
112.5,102
101.5,101
153.5,163
105.5,103
117.5,116
104.5,104
113.5,115
131,127
122.5,122
132.5,127
144,143
112.5,117
121,121
124,123
133.5,126
139.5,135
155.5,149
108.5,108
123.5,120
121,124
102.5,102
114.5,115
126,124
111.5,108
139,134
126,121
114.5,110
102,101
123,122
160.5,160
153.5,148
92.5,91
176.5,170
161,162
133,127
120.5,119
135.5,138
141,130
160.5,149
115.5,112
117.5,116
104,104
121.5,122
118,121
125,121
122.5,123
134,126
120,120
112.5,113
122,122
122.5,122
118,121
122.5,122
122.5,122
136.5,135
131.5,125
121,121
114.5,118
119.5,119
117.5,106
90.5,95
132,128
135,127
155.5,142
103.5,104
122,126
120,121
131,124
112.5,108
148.5,143
127,123
127,126
128.5,124
126.5,127
120,115
138.5,128
104.5,101
111.5,106
151.5,143
94,89
115.5,112
129.25,125
162.5,163
125.5,133
121.75,124
135,127
126,120
121,116
119.5,119
137,138
130.75,130
128.5,134
145.5,140
128.5,124
133,119
120,114
124,125
130,125
92,92.5
131,123
113.5,111
119,109
141.5,138
136.5,137
136.5,128
117.5,119
118.5,110
132,124
133.5,134
98.5,103
127.5,129
118,119
147,136
119,122
124,122
139,134
134.5,131
132,124
100,103
120,119
142.5,139
152.5,143
126,123
138,134
135.5,126
114,103
120,111
150.5,142
108.5,108
122,124
135.5,136
148,146
119,115
135,134
133.5,130
121,120
127,128
125,121
148.5,137
139.5,142
124,126
122,122
134.5,137
118.5,118
123.5,120
119.5,120
121.5,123
104.5,106
109.5,111
117,113
120,120
176.5,175
111.5,109
123.5,124
126.5,129
155,144
130,127
120.5,122
108.5,103
148.5,153
125,123
121.25,122
123.5,121
114.5,106
122.5,119
174.5,170
125,124
123.5,124
109.5,118
137.5,128
139.5,136
151.5,139
132,127
135.5,127
116.5,116
108,108
105.5,108
146.5,142
139.5,136.5
115,117
108.5,106
108.5,105
91,91
120,121
118.5,120
156,153
108.5,103
133,130
121.5,124
112.5,112
117,115
137.5,127
135.5,132
153,136
152,147
115.5,116
124.5,121
132,126
123,121
107.5,107
114.5,120
136.5,134
126.5,124
114,116
161,159
119.5,120
115,113
135.5,133
121.5,116
118,114
141.5,143
87,87
103.5,99
122,121
104.5,103
144,140
118.5,115
112.5,112
128,127
141.5,127
134.5,132
112,103
135,129
132,131
103.5,104
141.5,136
125,125
125,124
136.5,133
160.5,153
131.5,126
124,125
135,127
106,104
134.5,123
143,136
122,122
120.5,119
119.5,120
101.5,100
148,133
105.5,99
115.5,118
137.5,139
133.5,130
120.5,119
131,130
123,127
120.5,119
117.5,114
143,138
119,116
111.5,117
156,150
131.5,129
170,165
97.5,100
120,121
124,123
125,123
140,136
134.5,127
118.5,119
121,124
150.5,150
107,117
105,103
118.5,119
147,146
161.5,163
122.5,122
125.5,124
116.5,116
111,118
155.5,155
144.5,138
143.5,140
131.5,127
137,134
139.5,140
133,132
119.5,121
122.5,124
123,122
123.5,126
109.5,117
125.5,125
114.5,110
131.5,127
139,136
123.5,123
110.5,108
162,149
126,121
120.5,106
145,137
121,122
116,112
110.5,110
104,105
113,119
125.5,116
137.5,138
108.5,101
156.5,146
127,121
136.5,129
159.5,158
96.5,98
103,104
136.5,134
122,123
152,137
92.5,90
103,103
121.5,119
121,117
160.5,155
121.5,121
120,123
121,104
121.5,122
161.5,163
130,123
135.5,127
100.5,102
114.5,111
114.5,113
114.5,115
166,162
119,116
117.5,112
112.5,115
160,152
122,119
122.5,120
105,113
141,142
121,121
135.5,134
122,123
145,139
123.5,125
122,120
139.5,141
137.5,124
118,117
91.5,92
148,139
117.5,119
118,122
121,120
119,115
106,102
87.5,88
130.5,124
119,122
123.5,124
116.5,122
122,124
108,110
130,122
122.5,119
149.5,142
130,126
123.5,121
122.5,120
126.5,127
142.5,139
118,118
122,125
126,123
110.5,112
134,131
116.5,111
120.5,119
103.5,103
120,121
114.5,108
137,137
127.5,125
121.5,120
139,136
135.5,130
105,104
136,136
147.5,137
135.5,132
115,115
90.5,87
122.5,121
119,120
90.5,91
122,123
122.5,121
152.5,145
122.5,121
119,118
119,119
126,120
124,117
160,149
136.5,132
122,122
105.5,98
118,113
127,124
111.5,111
107.5,106
119,112
123,122
122,123
132,127
110,108
114.5,112
122,122
143.5,143
127.5,124
134,129
121.5,121
120,118
114.5,109
132,128
120.5,123
149.5,147
140,134
120,123
135.5,127
144.5,134
122.5,121
132,136
145.5,144
120.5,127
119,121
132,127
109.5,109
118,121
159,152
120.5,120
122.5,122
108.5,111
117.5,112
125.5,126
160.5,159
125.5,122
121,122
123.5,122
123,126
120,117
155,149
161.75,162
114.5,110
122,121
104,100
124,123
122,120
120,115
122,124
110,108
108.5,109
123,123
127.5,124
106,111
122,121
126,126
128.5,121
144,139
133,129
138.5,132
119,122
116,117
123.5,126
119.5,121
121.5,125
135,128
130,126
154.5,127
111.5,103
134,139
138,130
138.5,136
150.5,142
119.75,120
123.5,123
123.5,122
154,155
117,115
132.5,130
122.5,121
136.5,137
114.5,118
126.5,121
131,127
118,116
119.5,118
119.5,121
120.5,122
111.5,106
122,119
106,100
111,112
139.5,134
131.5,127
155.5,144
121.5,120
122,119
137,140
114.5,118
130.5,127
101.5,102
148.5,138
121.5,120
147,142
114.5,113
157,152
148.5,144
159,154
120,121
123.5,124
141.5,133
122,114
109.5,103
124.5,125
112.5,119
122.5,120
114.5,118
124.5,125
124,126
108.5,108
132.5,126
131.5,130
121,119
112,111
84.5,88
111.5,111
132,119
131.5,124
108.5,109
133,125
109,100
128,126
141,139
134.5,134
135.5,128
83.5,86
124,123
157,149
138,137
122,122
125,123
116.5,108
142.5,140
141,136
119.5,122
148.5,150
139,140
132,124
121.5,121
135.75,137
100,102
130.5,131
136.5,128
123,124
111.5,111
131.5,128
109.5,118
105.5,101
118,116
110.5,120
141,139
112.5,103
160.5,151
120,122
119.5,118
118.5,118
111.5,108
106,103
140,138
121.5,116
134.5,133
104,91
89,95
154,145
119.5,113
120.5,120
148,143
141.5,134
154.5,139
137.5,135
123,123
121.5,121
121.5,123
128.5,126
85.5,86
137,144
94,94
117.5,116
131,127
119.5,122
132.5,129
118.5,120
137,139
117.5,117
117.5,115
116,106
104,99
126,126
143.5,134
107.5,104
137,136
105,101
123.5,120
120.5,121
126,122
135.5,130
158.5,149
119.5,120
118.5,118
135.5,141
89.5,91
116.5,116
125.5,121
128.5,126
158.5,141
135,134
119.5,118
125,126
108.5,107
115.5,110
104.5,103
147.5,129
126.5,124
133,130
124.5,126
123.5,119
87.5,88
126,124
136.5,130
120,121
114.5,104
152,155
134,129
135.5,131
124.5,122
120.5,118
159,143
126,123
142.5,133
98,101
119,119
118.5,116
132.5,127
135.5,133
122.5,123
132.5,134
122.5,122
136.5,127
113.5,106
136.5,134
124,127
114.5,113
123.5,122
129,124
118,117
147.5,138
120.5,120
124,119
163.5,157
147.5,141
146.5,137
126,118
122.5,122
110,106
126,122
103.5,100
137.5,137
131.5,128
114.5,108.5
132.5,135
131,126
119,119
121.5,124
123.5,123
147.5,144
139,137
128,128
125,121
160,149
132,127
129.5,130
126,123
131.5,124
123,123
95.5,98
115.5,116
127,125
137.5,129
153.5,133
116.5,119
151,146
122,120
122,124
120,118
135.5,127
126.5,127
126,125
118.5,113
135.5,136
137.5,142
138,128
134.5,137
159,155
121,116
116,113
97.5,97
121.5,119
128,125
118,121
134,122
115,108
133.5,137
132,127
119.5,119
100.5,101
135,135
115,116
118.5,123
124,126
110,111
125,124
133,132
114.5,115
115.5,111
107,103
130.5,133
100,98
140.5,144
136,124
141,143
134,140
102.5,101
118.5,119
116.5,108
112,114
111.5,107
122.5,124
118.5,119
124,123
131.5,125
100,99
118.5,118
122,121
124,121
114,115
124,124
128,121
135.5,134
135,131
109.5,109
135,127
118,118
121.5,119
140.5,133
116.5,116
159,149
122,123
110.5,111
134,137
134.5,128
139,135
117.5,120
140,137
117.5,119
127.5,124
127.5,130
132.5,133
120.5,120
114.25,115
122,122
139.5,137
161,144
148.25,146
117.5,111
135,130
118.5,114
113.5,104
119.5,121
152.5,149
108.5,120
112.5,111
154.5,142
152.5,140
123.5,128
111.5,107
117,118
125.25,125
112,103
120,120
136.5,136
157.5,155
136.5,127
130.5,126
130.5,130
102.5,103
106,108
116.5,119
129,122
140.5,131
134,127
153,145
129.5,124
117,124
123,120
122,123
135,125
134,132
137.5,139
113.5,115
88,88
118,115
132.5,126
130.5,128
134.5,125
139.75,140
130,128
117.5,111
124.5,126
120.5,123
122.5,127
115.5,112
107.5,108
108.5,104
113,109
124,124
136.5,134
162,161
100.5,102
153.5,145
149.5,153
173.5,162
117.5,110
123.5,127
119,119
151,151
114,113
108.5,109
146.5,140
108.5,109
119,124
104.5,104
164,164
119.5,122
103.5,102
136.25,132
122.5,122
159,140
134,129
143,139
134.5,125
131.5,124
109,109
99.5,100
127.5,126
143,140
117.5,112
123,122
106.5,105
129,131
118.5,115
133,128
114.5,108
140.5,136
124,123
120,124
121.5,121
134.5,127
126.5,122
155,146
121.5,109
108.5,107
117,120
132,134
119.5,120
139,136
109.5,98
97.5,99
112.5,110
121,121
133,133
159.5,155
132,124
136,134
122.5,122
132.5,125
128.5,122
123,125
125,123
109,113
135,132
123.5,125
120,124
116,111
151.5,144
107.5,106
140.5,137
162,159
149.5,139
125,121
139.5,135
160.5,146
131.5,128
104.5,101
126.5,120
122,119
123.5,123
93.5,93
121,116
118.5,118
104,103
139,127
133,129
120,117
125.5,136
110,107
143,139
143,132
118,120
128.5,127
117,115
125,123
123,119
118,115
122,123
157.5,141
128.5,125
139.5,142
122.5,123
117.5,116
122,124
132.5,127
122,124
148,135
113,108
140.5,137
133,121
120,112
140,126
154,153
126.5,125
133.5,135
138,136
162.5,162
99,97
107.5,107
137.5,134
125,120
101,98
117.5,118
138.5,138
112.5,113
159,157
134.5,134
114.5,106
136.5,134
132,132.5
142,143
128.5,135
129.5,126
136.5,129
133.5,132
146,134
137,141
141.5,132
112,102
113.5,118
162.25,156
122.5,125
121,121
123.5,116
153.5,144
112.5,107
121.5,115
116.5,108
148.5,147
121.5,116.5
136.5,133
158,147
122,122
122,120
131.5,126
117.5,120
158,157
135.5,125
116.5,111
102.5,104
138.5,136
142.5,147
117.5,118
108.5,113
105,110
115.5,119
159,157
120,118
135,128
103.5,110
132,135
120.5,123
106.5,106
125,120
112.5,109
122.5,126
121,120
107.75,111
99.5,100
125,123
120.5,122
123,127
126.5,127
132,125
116.5,119
123.5,124
107,104
145,137
117.5,110
124,127
147.5,142
96.5,100
107.5,110
119.5,121
103,101
114.5,113
123.5,125
141.5,144
138,128
119,118
131,129
153.5,139
119,119
126,124
131,122
147.5,137
102,100
112,113
122,122
102.5,102
123.5,122
125,124
142.5,136
135.5,134
98.5,103
142.5,134
144.5,135
106,106
118,119
117.5,115
129,128
110,106
119.5,119
120.5,117
120.5,121
116.5,119
126.5,124
147.5,146
153.5,142
158.5,155
131.5,128
119.5,119
160.5,160
134,129
130.5,132
120,121
118,110
139.5,130
131.5,123
132,126
119.5,119
148,151
125,124
129,123
115.5,110
129,131
126,126
129.5,127
152,157
126.5,121
99,103
147.5,143
111,110
118,115
120,119
137,136
136.5,130
100.5,101
130.5,130
117.5,114
114.5,114
122,122
119,118
90.5,94
139,133
105.5,103
111.5,117
118.5,120
118,121
126.5,126
140.5,148
104.5,103
122,112
113.5,108
122,114
155,137
105,102
130.5,125
121.5,122
121.75,117
160,151
132,124
124,121
121,119
119.5,118
117.5,115
121.5,125
120.5,122
122,123
133.5,127
117.5,113
122.5,121
128,128
94.5,97
122,121
114.5,115
119,115
122.25,122
120,119
122.5,122
131.5,129
151,147
125,123
124,127
122.5,120
136.5,134
117.5,112
126,127
117,111
131.5,134
143,138
116,115
120,122
119,118
122,121
130,127
127,120
120.5,122
118,117
123,125
118,110
151.25,150
120,119
114.5,106
149,138
159.5,150
115,115
134,126
161,158
160.5,158
134.5,130
111.5,119
139.5,131
136.5,131
164.5,162
137.5,136
134.5,135
114,117
141.5,129
125.5,127
141.5,138
126.5,127
137,134
123,125
116,119
123.5,126
123.5,121
131.5,128
134,135
132,130
113,107
121,121
178.5,165
159.5,155
156,137
116.5,111
115.5,109
113.5,115
125,122
135,128
105.5,102
144,136
131,126
122,122
115,116
139,137
157.5,148
114,112
135.5,127
121.5,125
107,101
127.5,125
104,100
135.5,135
116.5,116.5
114.5,119
138.5,151
120,116
122,124
140.5,137
117.5,122
121,120
127,127
119.5,123
119,118
160.5,147
140.5,137
131,130
137.5,139
110,99
121,120
111.5,107
122.5,119
117,116
143.5,137
122.5,126
129,126
103,101
160,146
114.5,115
131.5,130
162.5,161
118.5,120
118.5,122
106.5,103
118.5,113
117.5,120
120,121
135,139
111.5,104
139.25,137
153,153
122.5,123
133,127
136.5,125
143,138
106,103
114.5,113
106,112
114,114
148,136
115.5,116
122.5,122
122.5,121
102.5,98
136.5,129
175.5,162
123.5,123
132.5,131
134,125
117.5,121
126,124
106.5,103
110.5,103
129.5,127
122,119
132.5,126
116.5,122
114.5,107
141,132
127.25,122
138.5,136
106.5,99
148,139
117,107
128.5,126
152.5,152
135.5,134
148.5,142
109,110
118,121
131.5,129
125,125
111,107
153.5,144
145.5,132
119.5,118
122,125
134,125
121.5,123
153.5,146
168,162
120,120
121.5,122
124,124
136.5,133
118.5,121
163,145
106,104
128.5,127
158,137
128.5,119
135.5,136
113.5,121
93.5,97
121.5,123
129,130
148,136
107,106
140.5,136
116,119
98,101
134,128
117.5,117
137,140
114.5,109
103.5,107
119,119
116.5,113
123.5,124
123.5,123
121.5,122
118,111
119,121
159,161
151.5,145
141.25,141
105.5,101
122,126
113.5,108
136.5,143
127,124
119,117
130.5,129
117.5,119
128.5,139
118.5,118
139,131
121,122
162,159
100.5,102
132,128
103,102
155.5,138
146,141
130.5,122
122.5,123
116,115
128.5,124
114.5,103
114.5,113
119,119
122,118
120,122
118,119
122,120
122.5,125
121.5,125
105.5,109
113.5,113
135.5,127
115,119
121.5,122
135,135
112.5,113
135,131
152,146
121,121
116.5,116
117.5,115
119,115
114,111
94.5,94
118.5,113
109.5,114
114.5,110
119,122
124,123
119.5,119
144,144
126,125
137,129
114.5,112
160,153
139,135
129.5,125
132.5,122
124,126
121.5,124
116.5,120
122,119
107.5,100.5
138,125
115.5,116
119,119
132.5,126
128.5,128
134,132
148,151
117.5,114
110.5,104
127,120
145,141
141,136
150.5,138
148,143
118.5,109
105.5,98
120.5,121
153.5,145
126,124
120.75,120
114.5,122
149.5,152
116,111
117,119
129.5,126
107.5,103
118,120
128.5,125
97,96
125,122
119.5,122
100,103
97.5,97
139.5,137
133,132
148.5,145
130,123
121.5,122
155.5,145
129,129
134.5,136
140.5,145
151.5,134
89.5,90
120,122
146.5,127
119,121
148.5,140
153.5,148
122,123
116.5,121
89.5,91
135.5,123
104,104
117.5,116
131.5,127
124,126
120.5,121
122.5,122
125,125
142,138
120,120
153.5,137
145.5,134
101,106
120.5,120
123,121
107.5,106
122,122
122,115
118.5,120
101.5,107
129.5,132
107,109
113.5,111
116.5,120
122.5,122
117.5,118
137,146
136.5,141
121,120
132.5,139
136.5,122
96.5,99
101,98
155.5,149
135.5,128
117.5,116
137,134
131.5,127
120,120
120.5,120
118.5,121
120.5,120
121,121
134.5,132
158.5,143
125,124
135.5,127
118.5,114
119,116
111.5,113
119,120
122.5,121
121.5,122
112,108
106.5,101
104.5,103
115.5,111
113.5,104
145,140
125,123
107,106
117.5,113
109.5,109
135.5,128
123,124
139.5,131
119.5,121
134,130
112.5,113
128.5,130
118.5,111
125,123
93.5,95
130.5,125
121,121
120,118
122,106
164,167
131,134
122.5,124
109.5,117
131.5,124
119,119
119,119
161,141
100,103
126.5,128
123,120
115.5,116
119,118
152,142
121,122
138.5,131
118,114
117.5,117
132,126
103.5,103
140.5,134
134,134
99,103
123,117
119,115
119.5,117
138.5,143
112,117
119.25,108
125,126
119,114
102.5,99
136.5,130
124,124
120.5,120
153,140
122,121
122,120
123,122
126.5,125
135.5,136
132,127
154,151
118,117
121.5,118
135,126
130.5,127
111.5,109
124.5,127
121,122
117.5,118
122.5,124
143,139
122,122
118,120
124,124
125,124
122,122
122.5,119
119.5,115
132.5,124
117.5,123
133,127
132,126
114.5,121
110,116
115.5,103
118,117
169,159
160.5,150
126,124
156,139
122,124
142.5,136
96,93
111.5,104
130,126
115,112
94,96
139.5,131
117.5,115
105.5,108
121.5,121
122.5,118
122,124
126.5,117
142.5,140
97,103
135,126
121.5,123
121.5,121
123,124
132.5,130
121.5,121
121.5,119
110,110
103,108
105,104
119.5,120
117.5,114.5
122,122
135.5,135
139.5,137