depth restriction ancestor site_node number of mutations in the subtree maxdepth epistasis (median) pvalue epimed FDR
50 99_INTNODE2298 4 52 0.734505273731793 0.854702442739721
50 238_INTNODE2422 34 184 0.0372144436256448 0.229607182498227
50 201_INTNODE2434 7 269 0.027 0.179663980687693
50 326_INTNODE2400 8 99 0.0726965342349958 0.367970375213027
50 289_INTNODE2399 9 92 0.113926889437094 0.477098379513248
50 269_INTNODE2423 3 185 0.0497801730251028 0.285037208529122
50 205_INTNODE2429 3 87 0.8841 0.876245076418282
50 138_INTNODE2429 1 88 0.7418 0.855925414434611
50 155_INTNODE2404 3 137 0.279487810884019 0.691199089814783
50 240_INTNODE1247 2 58 0.56040070713023 0.817786843696348
50 12_INTNODE2406 4 143 0.989398939893989 0.887940034840449
50 277_INTNODE1247 1 58 0.183461009624828 0.59502416442735
50 169_INTNODE2394 21 84 0.968449317520698 0.885792788235248
50 205_INTNODE2406 9 123 0.871487148714872 0.874678458083725
50 293_INTNODE2415 5 175 0.723770005927682 0.852864421135001
50 171_INTNODE2435 2 67 0.266728148375858 0.681137109778347
50 171_INTNODE2429 6 230 0 0
50 138_INTNODE2416 6 181 0.757234122510335 0.858446295039254
50 151_INTNODE2425 6 191 0.00287578807654021 0.028761350027932
50 202_INTNODE2435 2 76 0.68787785633774 0.846366650388637
50 91_INTNODE2428 1 83 0.947073536768384 0.883515353634391
50 88_INTNODE2401 4 103 0.943077230892357 0.883079460597788
50 210_INTNODE2406 4 143 0.861186118611861 0.873369254262396
50 97_INTNODE2401 4 103 0.763605442176871 0.859461393091169
50 418_INTNODE2406 6 143 0.0673067306730673 0.350243897324229
50 415_INTNODE2429 4 230 0.0274 0.181766847807976
50 111_INTNODE2298 3 52 0.229532898041185 0.647671311809926
50 111_INTNODE2428 7 168 0.769184592296148 0.86033839880351
50 113_INTNODE2429 9 230 0.9164 0.880083951939489
50 78_INTNODE2434 3 269 0.9107 0.879423904587467
50 13_INTNODE2429 3 88 0.1803 0.59082926838342
50 176_INTNODE2434 23 269 0.843 0.8709898692987
50 223_INTNODE2404 2 137 0.975129278502832 0.886486337482717
50 179_INTNODE2429 6 230 0.0051 0.040804921986859
50 261_INTNODE2435 6 305 0.375243365098883 0.750325162800637
50 145_INTNODE2426 5 199 0.248613212304589 0.66567116956955
50 496_INTNODE2434 1 265 0.9102 0.879365658884551
50 488_INTNODE2434 6 269 0.0979 0.439477959792712
50 145_INTNODE2429 2 65 0.5778 0.822298784991871
50 106_INTNODE1237 1 61 0.279635258358663 0.691311653384888
50 91_INTNODE2404 5 137 0.415661167200197 0.768994603512124
50 86_INTNODE2399 2 92 0.319354115272483 0.718912373781831
50 128_INTNODE2435 1 305 0.728660723434778 0.853707511298576
50 240_INTNODE2421 3 183 0.85041761579347 0.871971070290625
50 489_INTNODE2301 4 72 0.276665933582582 0.689028896373238
50 361_INTNODE2395 2 86 0.322446863659927 0.720855838138838
50 4_INTNODE2429 2 230 0.002 0.0247046009716794
50 186_INTNODE2429 7 230 0.1853 0.597425300419548
50 470_INTNODE2428 3 205 0.963981990995498 0.885324218051569
50 209_INTNODE2406 3 143 0.965496549654965 0.885483507702023
50 13_INTNODE2406 2 143 0.995999599959996 0.888599945233826
50 173_INTNODE2405 3 142 0.0798848506657071 0.390159619592074
50 184_INTNODE2435 1 76 0.745260784916487 0.85649844831367
50 155_INTNODE2428 2 83 0.953576788394197 0.884217783256313
50 232_INTNODE2418 1 182 0.051063829787234 0.290253923013539
50 206_INTNODE2406 8 134 0.994899489948995 0.888490500441457
50 71_INTNODE2406 3 143 0.92009200920092 0.880507635828427
50 311_INTNODE2423 3 185 0.862714508580343 0.873565229671994
50 209_INTNODE2429 1 88 0.6461 0.838041398479775
50 16_INTNODE2402 2 128 0.798760948515274 0.864810646909071
50 60_INTNODE2435 2 163 0.287222051439697 0.696994818102988
50 85_INTNODE2434 4 269 0.938 0.882520939086901
50 184_INTNODE2429 5 230 0 0
50 470_INTNODE2434 1 127 0.159 0.560126793331334
50 202_INTNODE2406 7 106 0 0
50 97_INTNODE2429 1 169 0.9692 0.885871150496859
50 207_INTNODE2425 2 130 0.984404380046455 0.887435477006391
50 102_INTNODE2402 1 128 0.309228797265542 0.712355942402533
50 142_INTNODE2406 20 143 0.938193819381938 0.882542358159448
50 74_INTNODE2402 4 128 0.902478102969451 0.87845892520169
50 182_INTNODE2305 4 76 0.258027079303675 0.673891065120155
50 88_INTNODE2428 3 144 0.0048024012006003 0.0394803354740004
50 232_INTNODE2435 2 140 0.917716979198688 0.880235428801833
50 289_INTNODE2429 2 127 0.9952 0.888520418121544
50 11_INTNODE2401 1 103 0.910264105642257 0.879373129785625
50 206_INTNODE2435 3 163 0.862280971411005 0.873509701702574
50 178_INTNODE2426 8 199 0.715204236006051 0.851364151261659
50 73_INTNODE2425 3 191 0.00276518084282712 0.0283363054462384
50 202_INTNODE2429 4 88 0.5872 0.824644628508385
50 90_INTNODE2429 4 230 0.0025 0.027226633398603
50 210_INTNODE2434 1 127 0.9058 0.878850659867897
50 156_INTNODE1247 2 58 0.264191710862306 0.679058293941478
50 169_INTNODE2434 8 208 0.9879 0.887789085396507
50 292_INTNODE2433 2 264 0.732503492950591 0.854363202264243
50 238_INTNODE2434 3 104 0.8791 0.875628745122419
50 3_INTNODE2304 14 75 0.138544891640867 0.525968326587062
50 144_INTNODE2406 1 143 0.999499949994999 0.888946753828696
50 361_INTNODE1247 1 58 0.137890394814378 0.524787559003311
50 15_INTNODE1235 1 54 0.311815779539449 0.714060004743296
50 287_INTNODE2401 2 103 0.000700280112044818 0.0132847832531037
