"dfr.V1" "dfr.V2" "dfr.V3" "dfr.V4" "dfr.V5" "fdrV5.qval"
"1" 100 "91_INTNODE2404" 5 137 0.42418797512094 0.640657338736694
"2" 100 "128_INTNODE2435" 1 305 0.751025560113601 0.759416163532682
"3" 100 "145_INTNODE2426" 5 199 0.269449715370019 0.531065785675193
"4" 100 "496_INTNODE2434" 1 265 0.9201 0.794541962502861
"5" 100 "488_INTNODE2434" 6 269 0.0983 0.292363149302524
"6" 100 "179_INTNODE2429" 6 230 0.0018001800180018 0.0125889463462174
"7" 100 "261_INTNODE2435" 6 305 0.397496581466288 0.62556287802569
"8" 100 "173_INTNODE2405" 3 142 0.0931914893617021 0.281445653427693
"9" 100 "209_INTNODE2406" 3 143 0.966376463524467 0.802436884382354
"10" 100 "13_INTNODE2406" 2 143 0.999599719803863 0.807740767436905
"11" 100 "240_INTNODE2421" 3 183 0.861581920903955 0.783607058887857
"12" 100 "470_INTNODE2428" 3 205 0.982580838922815 0.805059882972586
"13" 100 "4_INTNODE2429" 2 230 0.0007000700070007 0.00712806888382003
"14" 100 "186_INTNODE2429" 7 230 0.175817581758176 0.424943669400625
"15" 100 "138_INTNODE2416" 6 181 0.762936221419976 0.762279208449239
"16" 100 "151_INTNODE2425" 6 191 0.00325696316262354 0.0172560559685307
"17" 100 "205_INTNODE2406" 9 123 0.793855698989293 0.769403006958938
"18" 100 "293_INTNODE2415" 5 175 0.726012404232032 0.753173271925411
"19" 100 "171_INTNODE2429" 6 230 0 0
"20" 100 "269_INTNODE2423" 3 185 0.052168815943728 0.179833867453442
"21" 100 "12_INTNODE2406" 4 143 0.996397478234764 0.807241983548586
"22" 100 "155_INTNODE2404" 3 137 0.28790601243953 0.547525023898811
"23" 100 "201_INTNODE2434" 7 269 0.0248 0.104440633686803
"24" 100 "238_INTNODE2422" 34 184 0.0396700706991359 0.149104551807261
"25" 100 "176_INTNODE2434" 23 269 0.8563 0.782562511665736
"26" 100 "223_INTNODE2404" 2 137 0.975673807878369 0.803950408678505
"27" 100 "78_INTNODE2434" 3 269 0.9203 0.794577440569052
"28" 100 "415_INTNODE2429" 4 230 0.0181018101810181 0.0806055683404846
"29" 100 "418_INTNODE2406" 6 143 0.0508355849094366 0.176800811729868
"30" 100 "111_INTNODE2428" 7 168 0.780858944839323 0.766461254266627
"31" 100 "113_INTNODE2429" 9 230 0.962496249624962 0.801798286298256
"32" 100 "88_INTNODE2401" 4 103 0.996697027324592 0.80728875126785
"33" 100 "210_INTNODE2406" 4 143 0.786550585409787 0.767758715846771
"34" 100 "97_INTNODE2401" 4 103 0.781803623260935 0.766677604833413
"35" 100 "206_INTNODE2435" 3 163 0.893131376880194 0.789643075815941
"36" 100 "11_INTNODE2401" 1 103 0.988289460514463 0.805967423028388
"37" 100 "178_INTNODE2426" 8 199 0.702222824613716 0.746927552188083
"38" 100 "73_INTNODE2425" 3 191 0.00314465408805031 0.0169782670122492
"39" 100 "232_INTNODE2435" 2 140 0.943410118859788 0.798596060635748
"40" 100 "289_INTNODE2429" 2 127 0.999299929992999 0.80769418146399
"41" 100 "287_INTNODE2401" 2 103 0.00100090081072966 0.00848957142109365
"42" 100 "238_INTNODE2434" 3 104 0.8917 0.789376527310543
"43" 100 "144_INTNODE2406" 1 143 1 0.807802933982347
"44" 100 "210_INTNODE2434" 1 127 0.9167 0.793936954891423
"45" 100 "169_INTNODE2434" 8 208 0.9904 0.8063008145876
"46" 100 "292_INTNODE2433" 2 264 0.731224781986203 0.754500779047397
"47" 100 "90_INTNODE2429" 4 230 0.0008000800080008 0.00763747133699476
"48" 100 "470_INTNODE2434" 1 127 0.162 0.405075258414891
"49" 100 "16_INTNODE2402" 2 128 0.718106995884774 0.751132268394402
"50" 100 "60_INTNODE2435" 2 163 0.297675397075839 0.555778185126084
"51" 100 "85_INTNODE2434" 4 269 0.9465 0.799121474971104
"52" 100 "184_INTNODE2429" 5 230 0.0001000100010001 0.00169655581694462
"53" 100 "206_INTNODE2406" 8 134 0.999499649754828 0.807725219516317
"54" 100 "71_INTNODE2406" 3 143 0.880716501551086 0.787308500005285
"55" 100 "311_INTNODE2423" 3 185 0.873094958968347 0.785849447616196
"56" 100 "232_INTNODE2418" 1 182 0.053556827473426 0.183739419249647
"57" 100 "74_INTNODE2402" 4 128 0.883058984910837 0.787752954165176
"58" 100 "88_INTNODE2428" 3 144 0.00350385423966363 0.0178316695307946
"59" 100 "142_INTNODE2406" 20 143 0.917942559791854 0.794158472919712
"60" 100 "207_INTNODE2425" 2 130 0.989442946990117 0.806149775703557
"61" 100 "97_INTNODE2429" 1 169 0.993199319931993 0.806741245891146
"62" 100 "102_INTNODE2402" 1 128 0.337677183356196 0.586649584647607
"63" 100 "202_INTNODE2406" 7 106 0 0
