depth_restriction ancestor_site_node number_of_mutations_in_the_subtree maxdepth epistasis_(median)_pvalue epistasis_(mean)_pvalue env_(median)_pvalue env_(mean)_pvalue epimed_FDR epimean_FDR envmed_FDR envmean_FDR NA
50 99_INTNODE2298 4 52 0.734505273731793 0.629331993972878 0.460170768458061 0.370668006027122 0.854702442739721 0.77940654818133 0.61094240764636 0.561244755317138 0.999499949994999
50 238_INTNODE2422 34 184 0.0372144436256448 0.0361090641120118 0.963522476050111 0.963890935887988 0.229607182498227 0.172405009954244 0.766789970425883 0.768860250015937 0.257638455869849
50 201_INTNODE2434 7 269 0.027 0.4277 0.9754 0.5723 0.179663980687693 0.705987335702664 0.768973715220335 0.663866326680261 0.2055
50 326_INTNODE2400 8 99 0.0726965342349958 0.110876303183995 0.927867004790082 0.889123696816005 0.367970375213027 0.383662282256879 0.759979306652822 0.7542010281502 0.384864004773507
50 289_INTNODE2399 9 92 0.113926889437094 0.0579726396052927 0.896165059430366 0.942027360394707 0.477098379513248 0.245552227612867 0.753580832273793 0.764757678549794 0.512671002466923
50 269_INTNODE2423 3 185 0.0497801730251028 0.511558644163948 0.951070770103531 0.488441355836052 0.285037208529122 0.74173669054305 0.764455890748605 0.627645224718406 0.306382978723404
50 205_INTNODE2429 3 87 0.8841 0.6272 0.1226 0.3728 0.876245076418282 0.77882255058801 0.308805903287517 0.562656563775115 0.999499949994999
50 138_INTNODE2429 1 88 0.7418 0.8319 0.2677 0.1681 0.855925414434611 0.823648497714852 0.47740155778918 0.367133863427268 0.999499949994999
50 155_INTNODE2404 3 137 0.279487810884019 0.328983009111056 0.732578182713617 0.671016990888944 0.691199089814783 0.648752126810331 0.714276936981502 0.698402665915048 0.738570989416364
50 240_INTNODE1247 2 58 0.56040070713023 0.646434885091338 0.450009821253192 0.353565114908662 0.817786843696348 0.783982100327881 0.605622208488055 0.549580585703445 0.999499949994999
50 12_INTNODE2406 4 143 0.989398939893989 0.999299929992999 0.0123012301230123 0.0007000700070007 0.887940034840449 0.848721347848252 0.142769874405785 0.00481626050654468 0.999499949994999
50 277_INTNODE1247 1 58 0.183461009624828 0.168532704773129 0.844431349440189 0.831467295226871 0.59502416442735 0.48617409206545 0.742373398940526 0.741561536133259 0.641423076923077
50 169_INTNODE2394 21 84 0.968449317520698 0.86149026627881 0.0331170284179906 0.13850973372119 0.885792788235248 0.828667971792432 0.217099818246825 0.323408638421533 0.999499949994999
50 205_INTNODE2406 9 123 0.871487148714872 0.999099909990999 0.133013301330133 0.0009000900090009 0.874678458083725 0.848695644238012 0.319708179728539 0.00570982911738714 0.999499949994999
50 293_INTNODE2415 5 175 0.723770005927682 0.544991108476586 0.282039122703023 0.455008891523414 0.852864421135001 0.753677317479274 0.490432030263713 0.610930574438125 0.999499949994999
50 171_INTNODE2435 2 67 0.266728148375858 0.142637565324316 0.739522492058613 0.857362434675684 0.681137109778347 0.444692087307494 0.716198507737309 0.747395468831005 0.738570989416364
50 171_INTNODE2429 6 230 0 0 1 1 0 0 0.773368961747045 0.775331351595426 0
50 138_INTNODE2416 6 181 0.757234122510335 0.317925591882751 0.244269071777527 0.682074408117249 0.858446295039254 0.640922386589402 0.454612293849799 0.701834165467424 0.999499949994999
50 151_INTNODE2425 6 191 0.00287578807654021 0.00199093020683553 0.997234819157173 0.998009069793165 0.028761350027932 0.0154915074671633 0.772883271479011 0.774984010025968 0.0323526158610774
50 202_INTNODE2435 2 76 0.68787785633774 0.676196331591352 0.312839430269495 0.323803668408648 0.846366650388637 0.791507437519955 0.51633611117719 0.527732991649772 0.999499949994999
50 91_INTNODE2428 1 83 0.947073536768384 0.987093546773387 0.0593296648324162 0.0129064532266133 0.883515353634391 0.847136601423873 0.256516146591142 0.0450305002102195 0.999499949994999
50 88_INTNODE2401 4 103 0.943077230892357 0.999499799919968 0.0644257703081232 0.000500200080032013 0.883079460597788 0.848747023451309 0.261256417024747 0.00375859843064618 0.999499949994999
50 210_INTNODE2406 4 143 0.861186118611861 0.758975897589759 0.140914091409141 0.241024102410241 0.873369254262396 0.809924929721387 0.327336774164028 0.454081129350773 0.999499949994999
50 97_INTNODE2401 4 103 0.763605442176871 0.937374949979992 0.238295318127251 0.062625050020008 0.859461393091169 0.840323333717256 0.448480595237211 0.177712052724593 0.999499949994999
50 418_INTNODE2406 6 143 0.0673067306730673 0.0027002700270027 0.937793779377938 0.997299729972997 0.350243897324229 0.0187528872656128 0.761915086979785 0.774859997583621 0.378600360036004
50 415_INTNODE2429 4 230 0.0274 0.0026 0.9726 0.9974 0.181766847807976 0.0183350668345854 0.7684626128403 0.774877535884044 0.2055
50 111_INTNODE2298 3 52 0.229532898041185 0.382621798091411 0.840783525866399 0.617378201908589 0.647671311809926 0.682351494639249 0.741544545812704 0.68056953189749 0.738570989416364
50 111_INTNODE2428 7 168 0.769184592296148 0.92736368184092 0.237718859429715 0.0726363181590795 0.86033839880351 0.838877298372188 0.447881592827252 0.200427217598423 0.999499949994999
50 113_INTNODE2429 9 230 0.9164 0.9898 0.0881 0.0102 0.880083951939489 0.847490836529325 0.277287079907733 0.0388003258097822 0.999499949994999
50 78_INTNODE2434 3 269 0.9107 0.0486 0.0935 0.9514 0.879423904587467 0.215831701339083 0.279987234676118 0.766534098763426 0.999499949994999
50 13_INTNODE2429 3 88 0.1803 0.1948 0.8272 0.8052 0.59082926838342 0.522366521495465 0.738410642185133 0.735361848132202 0.641423076923077
50 176_INTNODE2434 23 269 0.843 0.2498 0.1668 0.7502 0.8709898692987 0.583756383652263 0.362731806700419 0.721366172853327 0.999499949994999
50 223_INTNODE2404 2 137 0.975129278502832 0.987441516867767 0.0272100467865058 0.0125584831322334 0.886486337482717 0.847182237772633 0.201859038621928 0.0442879012920329 0.999499949994999
50 179_INTNODE2429 6 230 0.0051 1e-04 0.9949 0.9999 0.040804921986859 0.00127321686262808 0.77247154819007 0.775313930980068 0.0459
50 261_INTNODE2435 6 305 0.375243365098883 0.58243672507429 0.62567886053899 0.41756327492571 0.750325162800637 0.765804915406442 0.681031213820185 0.590333606067018 0.844297571472487
50 145_INTNODE2426 5 199 0.248613212304589 0.0747604639435199 0.758951084215835 0.92523953605648 0.66567116956955 0.295637651355607 0.721439847909516 0.761507331164061 0.738570989416364
50 496_INTNODE2434 1 265 0.9102 0.9999 0.0938 1e-04 0.879365658884551 0.84879840759091 0.280129571918029 0.000997082499479717 0.999499949994999
50 488_INTNODE2434 6 269 0.0979 0.0296 0.9045 0.9704 0.439477959792712 0.148978296100433 0.75529591692255 0.770054138215413 0.463736842105263
50 145_INTNODE2429 2 65 0.5778 0.3998 0.449 0.6002 0.822298784991871 0.691793366953739 0.605085513706991 0.674403892541408 0.999499949994999
50 106_INTNODE1237 1 61 0.279635258358663 0.164471462343803 0.799054373522459 0.835528537656197 0.691311653384888 0.480082923507298 0.731668944395863 0.742494248793841 0.738570989416364
50 91_INTNODE2404 5 137 0.415661167200197 0.299433637035213 0.595419847328244 0.700566362964787 0.768994603512124 0.62701803936508 0.670167876961674 0.707401630237308 0.912426952390677
50 86_INTNODE2399 2 92 0.319354115272483 0.753195783808029 0.685916124691635 0.246804216191971 0.718912373781831 0.808745246484749 0.700657967735389 0.459961893647574 0.744108146907524
50 128_INTNODE2435 1 305 0.728660723434778 0.985039450763398 0.277384977969054 0.0149605492366021 0.853707511298576 0.846866649979145 0.486274451161996 0.0497116408295341 0.999499949994999
50 240_INTNODE2421 3 183 0.85041761579347 0.0911161731207289 0.165907365223994 0.908883826879271 0.871971070290625 0.338426928959775 0.361492355317163 0.758253086326888 0.999499949994999
50 489_INTNODE2301 4 72 0.276665933582582 0.426435012095887 0.728832197053002 0.573564987904113 0.689028896373238 0.705372133539389 0.713229535515679 0.664358840566741 0.738570989416364
50 361_INTNODE2395 2 86 0.322446863659927 0.491057542768274 0.679756350440643 0.508942457231726 0.720855838138838 0.733824446124873 0.698762532997442 0.637202696939699 0.744108146907524
50 4_INTNODE2429 2 230 0.002 1e-04 0.998 0.9999 0.0247046009716794 0.00127321686262808 0.773017879893922 0.775313930980068 0.0323526158610774
50 186_INTNODE2429 7 230 0.1853 0.9615 0.8218 0.0385 0.597425300419548 0.843703595151023 0.737143574605173 0.117281099353712 0.641423076923077
50 470_INTNODE2428 3 205 0.963981990995498 0.9951975987994 0.0386193096548274 0.0048024012006003 0.885324218051569 0.84819242365154 0.228418400067996 0.0222791577543789 0.999499949994999
50 209_INTNODE2406 3 143 0.965496549654965 0.421442144214421 0.0423042304230423 0.578557855785579 0.885483507702023 0.702918605807804 0.234837177821573 0.666288768020293 0.999499949994999
50 13_INTNODE2406 2 143 0.995999599959996 1 0.004000400040004 0 0.888599945233826 0.848811241752051 0.0873539357791265 0 0.999499949994999
50 173_INTNODE2405 3 142 0.0798848506657071 0.0302267002518892 0.921554516012954 0.969773299748111 0.390159619592074 0.151343629968937 0.758731875450216 0.769939726111216 0.399424253328535
50 184_INTNODE2435 1 76 0.745260784916487 0.702121118967107 0.259657751818834 0.297878881032893 0.85649844831367 0.797647955257197 0.469797334898229 0.506898444945492 0.999499949994999
50 155_INTNODE2428 2 83 0.953576788394197 0.989594797398699 0.0466233116558279 0.0104052026013007 0.884217783256313 0.847464036043024 0.24142384971826 0.0393118374045382 0.999499949994999
50 232_INTNODE2418 1 182 0.051063829787234 0.0545454545454545 0.951644100580271 0.945454545454545 0.290253923013539 0.234439053206743 0.764564387511629 0.765410368159507 0.306382978723404
50 206_INTNODE2406 8 134 0.994899489948995 0.996899689968997 0.0053005300530053 0.0031003100310031 0.888490500441457 0.848412326965526 0.0922334720355386 0.0154527915002303 0.999499949994999
50 71_INTNODE2406 3 143 0.92009200920092 0.998399839983998 0.0851085108510851 0.0016001600160016 0.880507635828427 0.848605612776652 0.275669108585084 0.00930477930202532 0.999499949994999
50 311_INTNODE2423 3 185 0.862714508580343 0.955892781165792 0.149340519075308 0.0441072188342079 0.873565229671994 0.842930773604937 0.337580892733655 0.132105654277605 0.999499949994999
50 209_INTNODE2429 1 88 0.6461 0.6905 0.3712 0.3095 0.838041398479775 0.794940716223109 0.558830895281048 0.516460713953243 0.999499949994999
50 16_INTNODE2402 2 128 0.798760948515274 0.968703268532365 0.210959196752831 0.0312967314676351 0.864810646909071 0.844685304138511 0.418567282800878 0.0974769959964592 0.999499949994999
50 60_INTNODE2435 2 163 0.287222051439697 0.386822420329952 0.713905113228814 0.613177579670048 0.696994818102988 0.684713373481888 0.70897842964362 0.67908350428474 0.738570989416364
50 85_INTNODE2434 4 269 0.938 0.9999 0.066 1e-04 0.882520939086901 0.84879840759091 0.262603974686127 0.000997082499479717 0.999499949994999
50 184_INTNODE2429 5 230 0 0 1 1 0 0 0.773368961747045 0.775331351595426 0
50 470_INTNODE2434 1 127 0.159 0.033 0.8491 0.967 0.560126793331334 0.161522940768507 0.743426478679745 0.769432055239311 0.622173913043478
50 202_INTNODE2406 7 106 0 0 1 1 0 0 0.773368961747045 0.775331351595426 0
50 97_INTNODE2429 1 169 0.9692 0.9998 0.0321 2e-04 0.885871150496859 0.848785571250643 0.214733622025402 0.00174449554108971 0.999499949994999
50 207_INTNODE2425 2 130 0.984404380046455 0.990155956199535 0.0158168344209711 0.00984404380046455 0.887435477006391 0.84753730385929 0.157271770469203 0.0378962210666205 0.999499949994999
50 102_INTNODE2402 1 128 0.309228797265542 0.396496475112156 0.711920529801324 0.603503524887844 0.712355942402533 0.690021452192275 0.70840372611965 0.67560801809042 0.744108146907524
50 142_INTNODE2406 20 143 0.938193819381938 0.7002700270027 0.0698069806980698 0.2997299729973 0.882542358159448 0.797221523961148 0.26566229986473 0.50844683274073 0.999499949994999
50 74_INTNODE2402 4 128 0.902478102969451 0.464751121555223 0.0997650074770348 0.535248878444777 0.87845892520169 0.722932456654729 0.282808716896246 0.648770778288235 0.999499949994999
50 182_INTNODE2305 4 76 0.258027079303675 0.150870406189555 0.743133462282398 0.849129593810445 0.673891065120155 0.458588499330439 0.717187526412014 0.745569451121034 0.738570989416364
50 88_INTNODE2428 3 144 0.0048024012006003 0.00140070035017509 0.9951975987994 0.998599299649825 0.0394803354740004 0.0121124594542865 0.772524109915029 0.775087094629265 0.0459
50 232_INTNODE2435 2 140 0.917716979198688 0.974280151654883 0.0843324111076955 0.0257198483451173 0.880235428801833 0.845436929546715 0.275233842811445 0.0815784741010193 0.999499949994999
50 289_INTNODE2429 2 127 0.9952 1 0.0049 0 0.888520418121544 0.848811241752051 0.0909556179435845 0 0.999499949994999
50 11_INTNODE2401 1 103 0.910264105642257 0.999899959983994 0.0968387354941977 0.000100040016006403 0.879373129785625 0.848798402454755 0.281529281811801 0.000997253496306931 0.999499949994999
50 206_INTNODE2435 3 163 0.862280971411005 0.547187211804488 0.141202992109847 0.452812788195512 0.873509701702574 0.754423141279365 0.327606034210706 0.609779948051482 0.999499949994999
50 178_INTNODE2426 8 199 0.715204236006051 0.782400403429148 0.292107917297025 0.217599596570852 0.851364151261659 0.814560357318882 0.499200242676832 0.428876916944662 0.999499949994999
50 73_INTNODE2425 3 191 0.00276518084282712 0.00442428934852339 0.997345426390886 0.995575710651477 0.0283363054462384 0.0281653990184288 0.772902739055984 0.774558020172237 0.0323526158610774
50 202_INTNODE2429 4 88 0.5872 0.7129 0.4291 0.2871 0.824644628508385 0.80009586096449 0.594202920173125 0.497684804939816 0.999499949994999
50 90_INTNODE2429 4 230 0.0025 0 0.9975 1 0.027226633398603 0 0.772929939404529 0.775331351595426 0.0323526158610774
50 210_INTNODE2434 1 127 0.9058 0.9977 0.1019 0.0023 0.878850659867897 0.848515503742289 0.283702669927286 0.0123456607523272 0.999499949994999
50 156_INTNODE1247 2 58 0.264191710862306 0.205067766647024 0.75741504615989 0.803574936161854 0.679058293941478 0.535165081747881 0.721032522134668 0.734968510742703 0.738570989416364
50 169_INTNODE2434 8 208 0.9879 0.9999 0.0124 1e-04 0.887789085396507 0.84879840759091 0.143243211423974 0.000997082499479717 0.999499949994999
50 292_INTNODE2433 2 264 0.732503492950591 0.948431347643846 0.275498539311571 0.0515686523561539 0.854363202264243 0.841890462897291 0.484569896306825 0.151077178077847 0.999499949994999
50 238_INTNODE2434 3 104 0.8791 0.5432 0.128 0.4568 0.875628745122419 0.753065672542742 0.314586788540972 0.611863995930388 0.999499949994999
50 3_INTNODE2304 14 75 0.138544891640867 0.155959752321981 0.863390092879257 0.844040247678019 0.525968326587062 0.466836365549706 0.746596966185458 0.744427387153618 0.566774556712638
50 144_INTNODE2406 1 143 0.999499949994999 1 0.0005000500050005 0 0.888946753828696 0.848811241752051 0.0348050837869957 0 0.999499949994999
50 361_INTNODE1247 1 58 0.137890394814378 0.137890394814378 1 0.862109605185622 0.524787559003311 0.43635009560908 0.773368961747045 0.748436511306712 0.566774556712638
50 15_INTNODE1235 1 54 0.311815779539449 0.289920724801812 0.841449603624009 0.710079275198188 0.714060004743296 0.619437164740118 0.741696288799715 0.71018550927889 0.744108146907524
50 287_INTNODE2401 2 103 0.000700280112044818 0.000300120048019208 0.999299719887955 0.999699879951981 0.0132847832531037 0.00327529633672117 0.773246157556777 0.775279060722202 0.0157563025210084
