depth_restriction ancestor_site_node number_of_mutations_in_the_subtree maxdepth epistasis_(median)_pvalue epistasis_(mean)_pvalue env_(median)_pvalue env_(mean)_pvalue epimed_FDR epimean_FDR envmed_FDR envmean_FDR NA
100 91_INTNODE2404 5 137 0.42418797512094 0.315272978576365 0.585901865929509 0.684727021423635 0.640657338736694 0.536294759243866 0.491049528173914 0.592979546199518 1
100 128_INTNODE2435 1 305 0.751025560113601 0.972441358998633 0.256232249921111 0.0275586410013674 0.759416163532682 0.781051706294118 0.301517896043181 0.0632382410508441 1
100 145_INTNODE2426 5 199 0.269449715370019 0.0928435890485226 0.737733803198699 0.907156410951477 0.531065785675193 0.254057522272769 0.548503251347516 0.658719055304992 0.808349146110057
100 496_INTNODE2434 1 265 0.9201 0.9999 0.083 1e-04 0.794541962502861 0.785776283522785 0.172144977815006 0.000714335371902309 1
100 488_INTNODE2434 6 269 0.0983 0.0335 0.9037 0.9665 0.292363149302524 0.111847110073698 0.59809633686014 0.672817833714676 0.34405
100 179_INTNODE2429 6 230 0.0018001800180018 0.0003000300030003 0.998299829982998 0.999699969997 0.0125889463462174 0.00247549586837301 0.621776553121435 0.680208776957046 0.0162016201620162
100 261_INTNODE2435 6 305 0.397496581466288 0.543599453034606 0.603765646365836 0.456400546965394 0.62556287802569 0.666013341352569 0.498557028121953 0.492662285229689 1
100 173_INTNODE2405 3 142 0.0931914893617021 0.0370212765957447 0.908085106382979 0.962978723404255 0.281445653427693 0.120570842634803 0.599259365409437 0.672013842522465 0.34405
100 209_INTNODE2406 3 143 0.966376463524467 0.431702191534074 0.043230261182828 0.568297808465926 0.802436884382354 0.612950587052282 0.120191876181811 0.547338245718912 1
100 13_INTNODE2406 2 143 0.999599719803863 1 0.000400280196137296 0 0.807740767436905 0.785793117074977 0.00577827404206437 0 1
100 240_INTNODE2421 3 183 0.861581920903955 0.0980629539951574 0.154156577885391 0.901937046004843 0.783607058887857 0.26456127039895 0.223796117277173 0.657420690162692 1
100 470_INTNODE2428 3 205 0.982580838922815 0.991190309340274 0.0199219141055161 0.0088096906597257 0.805059882972586 0.784299912884861 0.0709892567089569 0.0251706164620635 1
100 4_INTNODE2429 2 230 0.0007000700070007 0.0003000300030003 0.999299929992999 0.999699969997 0.00712806888382003 0.00247549586837301 0.622012001002759 0.680208776957046 0.0100810081008101
100 186_INTNODE2429 7 230 0.175817581758176 0.924492449244924 0.833683368336834 0.0755075507550755 0.424943669400625 0.77228184431526 0.578567513141463 0.138418121658961 0.553825382538254
100 138_INTNODE2416 6 181 0.762936221419976 0.33453670276775 0.239069394304051 0.66546329723225 0.762279208449239 0.551007583933297 0.290576905100323 0.586074207467096 1
100 151_INTNODE2425 6 191 0.00325696316262354 0.00224618149146451 0.99685534591195 0.997753818508536 0.0172560559685307 0.0131733676646037 0.621435968174502 0.679784752210578 0.0220742817098809
100 205_INTNODE2406 9 123 0.793855698989293 0.997198038627039 0.209046332432703 0.00280196137296107 0.769403006958938 0.78532044379428 0.269600954134598 0.0100070334170104 1
100 293_INTNODE2415 5 175 0.726012404232032 0.548461632007783 0.279946491548097 0.451538367992217 0.753173271925411 0.667991151121174 0.315536805572209 0.489985480804975 1
100 171_INTNODE2429 6 230 0 0 1 1 0 0 0.622176640178948 0.680274047184935 0
100 269_INTNODE2423 3 185 0.052168815943728 0.513774912075029 0.948563892145369 0.486225087924971 0.179833867453442 0.653346350329637 0.609685666303767 0.508486154446933 0.210880008176615
100 12_INTNODE2406 4 143 0.996397478234764 0.998198739117382 0.00740518362853998 0.00180126088261783 0.807241983548586 0.785489494958372 0.0394223176180987 0.00785641919787324 1
100 155_INTNODE2404 3 137 0.28790601243953 0.345127850725639 0.725639253628196 0.654872149274361 0.547525023898811 0.558705712239485 0.544406432075885 0.58217690621453 0.815371739816429
100 201_INTNODE2434 7 269 0.0248 0.4335 0.9776 0.5665 0.104440633686803 0.613936058109689 0.616836584870619 0.546553101075723 0.1302
100 238_INTNODE2422 34 184 0.0396700706991359 0.0392772977219167 0.961115475255302 0.960722702278083 0.149104551807261 0.125938468178107 0.612809319409473 0.671496659237799 0.192247265695812
100 176_INTNODE2434 23 269 0.8563 0.257 0.1529 0.743 0.782562511665736 0.485272277390426 0.223154264085146 0.612533030193915 1
100 223_INTNODE2404 2 137 0.975673807878369 0.979267449896337 0.027643400138217 0.0207325501036628 0.803950408678505 0.782245571860507 0.0900969919234304 0.0506518604252838 1
100 78_INTNODE2434 3 269 0.9203 0.0527 0.0832 0.9473 0.794577440569052 0.162004507027946 0.172352133902898 0.668385521460644 1
100 415_INTNODE2429 4 230 0.0181018101810181 0.0057005700570057 0.981898189818982 0.994299429942994 0.0806055683404846 0.0253374031900364 0.617872925040315 0.679029339053991 0.103674003764013
100 418_INTNODE2406 6 143 0.0508355849094366 0.00680476333433403 0.952967076953868 0.993195236665666 0.176800811729868 0.0280724650050802 0.610787188966168 0.678787119388628 0.210880008176615
100 111_INTNODE2428 7 168 0.780858944839323 0.913304635098608 0.224046451096206 0.0866953649013915 0.766461254266627 0.770133552450002 0.28039169690258 0.155733319629027 1
100 113_INTNODE2429 9 230 0.962496249624962 0.970497049704971 0.0421042104210421 0.0295029502950295 0.801798286298256 0.780709252467053 0.118317330679344 0.0665481978036331 1
100 88_INTNODE2401 4 103 0.996697027324592 0.998498648783905 0.00420378340506456 0.00150135121609449 0.80728875126785 0.785540107705664 0.0286206358629289 0.00701337486972856 1
100 210_INTNODE2406 4 143 0.786550585409787 0.741418993295307 0.215851095767037 0.258581006704693 0.767758715846771 0.731169037944684 0.274576627926704 0.354912481788279 1
100 97_INTNODE2401 4 103 0.781803623260935 0.911420278250425 0.220998899009108 0.0885797217495746 0.766677604833413 0.769767722090581 0.278251389558513 0.158581456731877 1
100 206_INTNODE2435 3 163 0.893131376880194 0.50972967287262 0.109287893131377 0.49027032712738 0.789643075815941 0.651553886469861 0.195679379154879 0.510556716967761 1
100 11_INTNODE2401 1 103 0.988289460514463 0.999499549594635 0.0138124311880693 0.000500450405364828 0.805967423028388 0.785708846975339 0.054140763784564 0.00306399080405586 1
100 178_INTNODE2426 8 199 0.702222824613716 0.752371916508539 0.306316074817024 0.247628083491461 0.746927552188083 0.734041785978135 0.335293230727869 0.345066664079877 1
100 73_INTNODE2425 3 191 0.00314465408805031 0.00516621743036837 0.996967654986523 0.994833782569632 0.0169782670122492 0.0238558903433687 0.62146247074728 0.679146425380244 0.0220742817098809
100 232_INTNODE2435 2 140 0.943410118859788 0.951614599768592 0.0575365520143052 0.0483854002314084 0.798596060635748 0.777326881481285 0.140954225815233 0.0974356024002065 1
100 289_INTNODE2429 2 127 0.999299929992999 0.999899989999 0.0007000700070007 0.0001000100010001 0.80769418146399 0.785776281839129 0.00686018347632053 0.000714359185462728 1
100 287_INTNODE2401 2 103 0.00100090081072966 0.000400360324291863 0.99899909918927 0.999599639675708 0.00848957142109365 0.00283140348460606 0.621941208942424 0.680186944583974 0.0105094585126614
100 238_INTNODE2434 3 104 0.8917 0.5441 0.1149 0.4559 0.789376527310543 0.666218038416403 0.199893784502011 0.492388014247557 1
100 144_INTNODE2406 1 143 1 1 0 0 0.807802933982347 0.785793117074977 0 0 1
100 210_INTNODE2434 1 127 0.9167 0.9974 0.0899 0.0026 0.793936954891423 0.785354583157945 0.179014918556178 0.00963814191316546 1
100 169_INTNODE2434 8 208 0.9904 0.9999 0.0098 1e-04 0.8063008145876 0.785776283522785 0.0448543616700094 0.000714335371902309 1
100 292_INTNODE2433 2 264 0.731224781986203 0.942340231680333 0.277365612390993 0.0576597683196668 0.754500779047397 0.775627083331077 0.314068672704861 0.110301667259173 1
100 90_INTNODE2429 4 230 0.0008000800080008 0.0002000200020002 0.999199919991999 0.999799979998 0.00763747133699476 0.00212185360146258 0.621988469406628 0.680230536660484 0.0100810081008101
100 470_INTNODE2434 1 127 0.162 0.0367 0.8474 0.9633 0.405075258414891 0.119792688588392 0.582541384567644 0.672087361383878 0.537157894736842
100 16_INTNODE2402 2 128 0.718106995884774 0.939643347050754 0.298125285779607 0.0603566529492455 0.751132268394402 0.775127919466407 0.329279802636749 0.113804793982834 1
100 60_INTNODE2435 2 163 0.297675397075839 0.37098979699169 0.7030609024929 0.62901020300831 0.555778185126084 0.576438647798997 0.536556029306792 0.572344641187736 0.815371739816429
100 85_INTNODE2434 4 269 0.9465 0.9999 0.0563 1e-04 0.799121474971104 0.785776283522785 0.139356532123877 0.000714335371902309 1
100 184_INTNODE2429 5 230 0.0001000100010001 0 0.999899989999 1 0.00169655581694462 0 0.622153129078172 0.680274047184935 0.0021002100210021
100 206_INTNODE2406 8 134 0.999499649754828 0.99259481637146 0.000600420294205944 0.00740518362853998 0.807725219516317 0.784539364060928 0.00658688284425624 0.0220343982780967 1
100 71_INTNODE2406 3 143 0.880716501551086 0.995897127989593 0.13169218452917 0.00410287201040728 0.787308500005285 0.785100278527818 0.211187937555023 0.0135259902229921 1
100 311_INTNODE2423 3 185 0.873094958968347 0.952520515826495 0.139507620164127 0.0474794841735053 0.785849447616196 0.777491537299502 0.215863145923378 0.0961058100409626 1
100 232_INTNODE2418 1 182 0.053556827473426 0.0580539656582175 0.949304987735078 0.941946034341782 0.183739419249647 0.175573388990387 0.609871498647474 0.667128067029954 0.210880008176615
100 74_INTNODE2402 4 128 0.883058984910837 0.457361682670325 0.12037037037037 0.542638317329675 0.787752954165176 0.626556090972377 0.203777894937966 0.535868090860816 1
100 88_INTNODE2428 3 144 0.00350385423966363 0.00340374411853038 0.99659625588147 0.99659625588147 0.0178316695307946 0.0180316957731538 0.621374814234121 0.679532010352965 0.0220742817098809
100 142_INTNODE2406 20 143 0.917942559791854 0.688782147503252 0.100170119083358 0.311217852496748 0.794158472919712 0.716450208455962 0.188281792357387 0.398377379786792 1
100 207_INTNODE2425 2 130 0.989442946990117 0.988544474393531 0.0106693620844564 0.011455525606469 0.806149775703557 0.783847381850684 0.0464675949819182 0.0306845310198393 1
100 97_INTNODE2429 1 169 0.993199319931993 0.997399739973997 0.0071007100710071 0.0026002600260026 0.806741245891146 0.785354539210371 0.0386020221413104 0.00963863486292677 1
100 102_INTNODE2402 1 128 0.337677183356196 0.399862825788752 0.687242798353909 0.600137174211248 0.586649584647607 0.594624792928031 0.530893004396749 0.560806163582007 0.886402606310015
100 202_INTNODE2406 7 106 0 0.000100070049034324 1 0.999899929950966 0 0.00148583247420984 0.622176640178948 0.680252280340611 0
