depth_restriction ancestor_site_node number_of_mutations_in_the_subtree maxdepth epistasis_(median)_pvalue epistasis_(mean)_pvalue env_(median)_pvalue env_(mean)_pvalue epimed_FDR epimean_FDR envmed_FDR envmean_FDR
50 248_INTNODE4522 10 92 0.142461964038728 0.146018573404466 0.858723572416518 0.853981426595534 0.471097347497891 0.453472787709214 0.86616654146843 0.754145873888097
50 26_INTNODE4675 15 235 0.889011392870268 0.920494916084773 0.115888766384908 0.0795050839152272 0.847521857013686 0.839502193223015 0.5080689293188 0.222139604006593
50 336_INTNODE4618 1 114 0.966251821953134 0.991815225922189 0.0357663415181074 0.00818477407781141 0.857979623001624 0.849304196016262 0.5080689293188 0.154917193194035
50 308_INTNODE4630 1 128 0.0041729454039643 0.00567984235539585 0.996058884896256 0.994320157644604 0.0647558082301857 0.0798375800201649 0.882450204837588 0.781255394115558
50 56_INTNODE4591 6 128 0.468529998949249 0.324471997478197 0.567510770200694 0.675528002521803 0.745505910098602 0.6483550752423 0.810504817035338 0.708153439332676
50 463_INTNODE4638 21 230 0.312828908899544 0.181265349081979 0.704128172143609 0.818734650918021 0.661691613500416 0.507394288027779 0.841441696476758 0.746247519334395
50 435_INTNODE4571 8 106 0.961131105398458 0.992082262210797 0.0461696658097686 0.00791773778920308 0.857330917992242 0.849338647239326 0.5080689293188 0.154917193194035
50 344_INTNODE4613 2 99 0.951154052603328 0.99044551798175 0.0491680085882984 0.00955448201825013 0.856049825996131 0.849127237562719 0.5080689293188 0.154917193194035
50 400_INTNODE4572 11 116 0.40495867768595 0.331662376371765 0.619292778756266 0.668337623628235 0.716866344843807 0.65333584432162 0.823553688930756 0.70593689548912
50 149_INTNODE4592 6 137 0.638830162085976 0.720577871740662 0.375616631430585 0.279422128259338 0.799764630279469 0.803714018680973 0.738966334424486 0.500915408299614
50 248_INTNODE4608 6 90 0.919692737430168 0.965898510242086 0.0874068901303538 0.0341014897579143 0.851855018870221 0.845883925944439 0.5080689293188 0.190369130448353
50 143_INTNODE4366 3 51 0.261314443132625 0.229961957234685 0.761904761904762 0.770038042765316 0.620320725624591 0.566486724391455 0.851682115658535 0.734461534356827
50 47_INTNODE4638 6 230 0.0132148286750088 0.0108759209449187 0.986785171324991 0.989124079055081 0.135464766671778 0.110980468071048 0.881476418586043 0.78035867474447
50 329_INTNODE4636 10 209 0.885661500564508 0.959047521297342 0.115467515139074 0.0409524787026583 0.8470333495733 0.844953688144996 0.5080689293188 0.19390507223081
50 43_INTNODE4605 1 59 0.85819663106903 0.896069580535065 0.153253330397446 0.103930419464934 0.842906989275301 0.835845454829125 0.550584695696324 0.271833422871179
50 370_INTNODE4630 1 57 0.957575055059696 0.939840037092848 0.0482207024458097 0.060159962907152 0.856876931016565 0.842284759730644 0.5080689293188 0.199802918071448
50 143_INTNODE4591 2 79 0.820636755280025 0.953031417463486 0.181359672165598 0.0469685825365136 0.836889736062398 0.844127502593293 0.577499305937785 0.196228875994296
50 126_INTNODE4646 9 236 0.267585206671501 0.599709934735315 0.74075416968818 0.400290065264685 0.625889671541556 0.773128839882026 0.848090547010964 0.58979728816507
50 172_INTNODE4595 2 145 0.000504744599232788 0.000403795679386231 0.999495255400767 0.999596204320614 0.0313305268188646 0.0185419195106687 0.882806990082676 0.782158453117798
50 307_INTNODE4636 4 135 0.500256594478087 0.771323001129016 0.501796161346608 0.228676998870984 0.757735903325044 0.814228642536159 0.790878335672285 0.450970193961479
50 141_INTNODE4595 2 145 0.00111043811831213 0.000605693519079346 0.998889561881688 0.999394306480921 0.034463579500751 0.0185419195106687 0.882744260548438 0.782124033095732
50 267_INTNODE3836 6 57 0.665921560658403 0.783783783783784 0.366388945336314 0.216216216216216 0.806333091294923 0.816640539422999 0.734139906722911 0.437138602900562
50 221_INTNODE4476 14 69 0.821476184704884 0.935886559204945 0.205308447460914 0.0641134407950551 0.837029247924482 0.841723970763131 0.607436043859478 0.200605124629229
50 347_INTNODE4637 10 220 0.860563964337549 0.931266846361186 0.149906697076508 0.068733153638814 0.843271407831794 0.841063604579654 0.546912901832906 0.203740849817397
50 431_INTNODE4637 2 98 0.976570599212109 0.979680696661829 0.023844080447854 0.0203193033381713 0.859269072788089 0.847721881051992 0.5080689293188 0.177263118648403
50 43_INTNODE4572 14 116 0.130876574989839 0.423926297249695 0.875626608860588 0.576073702750305 0.450027402334673 0.706651635205968 0.868410089330823 0.674184733053964
50 290_INTNODE4607 2 172 0.0504688361831219 0.0616381687810259 0.950358521787093 0.938361831218974 0.274509657548496 0.307109572219013 0.877490038405227 0.771195435685148
50 194_INTNODE4638 2 127 0.827622500292364 0.626827271664133 0.178458659805871 0.373172728335867 0.838043530147554 0.780792105150106 0.575007838161408 0.572725378864622
50 381_INTNODE4474 3 80 0.0838980316231042 0.421103581800581 0.920942239432075 0.578896418199419 0.347181463498311 0.705264834460995 0.874069670304639 0.675257504208749
50 368_INTNODE4613 5 187 0.00322061191626409 0.00139559849704777 0.99699409554482 0.998604401502952 0.0591787576891122 0.0284820338849512 0.882547519175456 0.781989263634342
50 401_INTNODE4593 14 138 0.316388729154687 0.490626797009776 0.699252443933295 0.509373202990224 0.664219931714182 0.736003899563917 0.840512433513236 0.646598090833367
50 265_INTNODE3988 4 64 0.156810766721044 0.0960440456769984 0.846451876019576 0.903955954323002 0.495056433065242 0.365190434404099 0.864489180265404 0.764537359544511
50 155_INTNODE4599 3 161 0.922630159717901 0.945654428541796 0.0842148931756897 0.0543455714582037 0.852256991288164 0.843102331257839 0.5080689293188 0.198426174610572
50 208_INTNODE4367 2 73 0.530451424068445 0.836203985140155 0.502870651806822 0.163796014859845 0.768331481210477 0.826136559323622 0.791231884238197 0.370414232669273
50 93_INTNODE4367 2 55 0.912529550827423 0.943937858831476 0.0934369019475402 0.0560621411685241 0.850865538450072 0.842861844634183 0.5080689293188 0.198860279120243
50 253_INTNODE4613 3 187 0.304669887278583 0.612882447665056 0.718947933440687 0.387117552334944 0.655750607140001 0.776917149351623 0.844200867072513 0.58167820317467
50 334_INTNODE4609 7 182 0.675435046539862 0.603804127883448 0.339538648320518 0.396195872116552 0.808538617767213 0.774320005147863 0.719023242694038 0.587307728016834
50 358_INTNODE4637 8 220 0.0217706821480406 0.146485589881816 0.979058677171885 0.853514410118184 0.168918830914916 0.454264300063543 0.88065269179289 0.754044437030333
50 220_INTNODE4610 6 186 0.535853055457436 0.371600141292829 0.468738961497704 0.628399858707171 0.770129980560907 0.678619699088064 0.779383957053522 0.692985623020272
50 356_INTNODE4636 2 209 0.710356153135585 0.947860002052756 0.290670224776763 0.0521399979472442 0.816221087384012 0.843410247575301 0.686589623416231 0.197829556827269
50 313_INTNODE4608 14 176 0.166201117318436 0.05993947858473 0.842295158286778 0.94006052141527 0.509594802540973 0.303849104759135 0.863911444266363 0.77151441836056
50 344_INTNODE4523 4 94 0.229739507959479 0.0812831644958997 0.772310660877955 0.9187168355041 0.589556290218849 0.338044248525834 0.853387520080483 0.76744069651885
50 197_INTNODE4596 6 110 0.89279558772837 0.952774905205102 0.108583247156153 0.0472250947948983 0.848069958183809 0.84409208026256 0.5080689293188 0.196315865294173
50 18_INTNODE3836 2 57 0.00955090428774639 0.00772200772200772 0.990449095712254 0.992277992277992 0.113519028485394 0.094519576102077 0.881863070589599 0.780903839780143
50 199_INTNODE4587 14 102 0.941036128152693 0.950920245398773 0.0610088616223586 0.049079754601227 0.854726932996256 0.843835486480313 0.5080689293188 0.196919888616577
50 390_INTNODE4613 3 187 0.790982286634461 0.0491680085882984 0.224906065485776 0.950831991411702 0.831803163469442 0.280201614504644 0.628950430078633 0.773516582223223
50 307_INTNODE3835 6 54 0.814796982827797 0.921681913015567 0.222115230300112 0.0783180869844327 0.835912524412761 0.839675753064782 0.626031765725707 0.220216422521008
50 346_INTNODE4524 7 99 0.85331501202336 0.454826520096187 0.165922363448987 0.545173479903813 0.842150154821285 0.721021332435784 0.563524398313885 0.661960257486653
50 370_INTNODE4595 12 127 0.0327074500302847 0.114274177266303 0.970220068645265 0.885725822733697 0.218295968937685 0.395112428605106 0.879696248967645 0.760850033245938
50 127_INTNODE4476 12 87 0.145315719306751 0.0756271967034299 0.856623439583081 0.92437280329657 0.476041877709756 0.330238638978869 0.865882435444515 0.768534292075603
50 434_INTNODE4675 18 238 0.258238392747764 0.614479970599044 0.751194413818449 0.385520029400956 0.617527885346548 0.777367999497544 0.849884880685293 0.580671639473743
50 328_INTNODE4608 6 176 0.671438547486033 0.182495344506518 0.33147113594041 0.817504655493482 0.807618251360007 0.509084499414396 0.714139560304578 0.745962718877862
50 336_INTNODE4522 11 92 0.752025291444379 0.233550681683462 0.273266152934203 0.766449318316538 0.824618213452592 0.570285588624137 0.673152938242896 0.733549495093639
50 431_INTNODE4588 9 127 0.376024590163934 0.192281420765027 0.637636612021858 0.807718579234973 0.701581426501481 0.522129874207265 0.827755451242499 0.743673810196771
50 466_INTNODE4636 10 209 0.892948783742174 0.974648465565021 0.108282869752643 0.025351534434979 0.848092064051771 0.847055899577283 0.5080689293188 0.183466705242066
50 302_INTNODE4595 1 145 0.654451847365233 0.939531597011912 0.36069049061175 0.060468402988088 0.803605538248508 0.842241151392458 0.731069230206382 0.199869033341647
50 369_INTNODE4523 5 91 0.0183309213699952 0.022913651712494 0.982392667631452 0.977086348287506 0.157635951414638 0.187273305909906 0.881009530925779 0.778252732821366
50 249_INTNODE4367 10 73 0.883935607339863 0.916694810311832 0.119891928402567 0.0833051896881684 0.846780442561189 0.838944014864058 0.5080689293188 0.230311852745713
50 331_INTNODE4582 12 120 0.350711988975655 0.472094625631603 0.651469912723932 0.527905374368397 0.686789135874359 0.728454761819858 0.83079402866689 0.6547206930084
50 385_INTNODE4571 4 88 0.988071979434447 0.988997429305913 0.0138817480719794 0.0110025706940874 0.860678985173858 0.848939700253511 0.5080689293188 0.154917193194035
50 52_INTNODE4571 4 106 0.0630334190231363 0.0786632390745501 0.943958868894602 0.92133676092545 0.30316622899063 0.334523028718534 0.87676182882939 0.767948547587468
50 82_INTNODE4571 12 106 0.0883290488431877 0.658200514138818 0.912390745501285 0.341799485861183 0.355775890412139 0.789036417328755 0.873039224353738 0.551111410969581
50 46_INTNODE4605 3 163 0.0525156886491247 0.34757238797754 0.949355939667511 0.65242761202246 0.279678857240296 0.663870430808372 0.877376524700755 0.700910676843138
50 20_INTNODE4618 5 195 0.174907500840901 0.0835295436708151 0.837537840565086 0.916470456329185 0.522345751004301 0.340942083021638 0.863244156793768 0.767003480920329
50 93_INTNODE4638 4 181 0.351654777219039 0.786574669629283 0.64986551280552 0.213425330370717 0.687366331072951 0.81717218109202 0.830447118674971 0.433944625134625
50 369_INTNODE4608 1 88 0.826699255121043 0.968459031657356 0.19262104283054 0.0315409683426443 0.837891980184734 0.846228738337171 0.59212540964708 0.188699322234756
50 367_INTNODE4582 11 120 0.218994028479559 0.0685576481396417 0.800987597611392 0.931442351860358 0.577917365075747 0.319312210070607 0.857890601677027 0.769886829372563
50 69_INTNODE4630 3 202 0.508751593833314 0.517677060391793 0.505621884780341 0.482322939608207 0.760813593426889 0.746298816385354 0.792131719650401 0.634031618259062
50 437_INTNODE3988 4 64 0.0638254486133768 0.116639477977161 0.937194127243067 0.883360522022839 0.304751983256938 0.398601675479305 0.875982604715583 0.760363133270836
50 197_INTNODE4366 4 69 0.817525908434999 0.825659189295553 0.184704184704185 0.174340810704447 0.836370628723415 0.824306209093758 0.581951461012357 0.385077900410607
50 339_INTNODE3984 7 60 0.702730729346699 0.829243000345662 0.330798479087452 0.170756999654338 0.814596611319811 0.824932589500583 0.713724687618149 0.380171463654821
50 153_INTNODE4613 1 187 0.0827697262479871 0.192163177670424 0.921524422973698 0.807836822329576 0.345098841629965 0.521976389059871 0.874139215001444 0.74370171274747
