depth_restriction ancestor_site_node number_of_mutations_in_the_subtree maxdepth epistasis_(median)_pvalue epistasis_(mean)_pvalue env_(median)_pvalue env_(mean)_pvalue epimed_FDR epimean_FDR envmed_FDR envmean_FDR
150 390_INTNODE4613 3 187 0.82318448353631 0.065403698691926 0.196662156066757 0.934596301308074 0.822970726468178 0.27275247658749 0.7720239414476 0.870291103739053
150 434_INTNODE4675 18 238 0.287302028341206 0.667546540705752 0.721867185329258 0.332453459294248 0.618682348934373 0.698432310775759 0.92554093156911 0.704729110309758
150 334_INTNODE4609 7 182 0.712233479510056 0.648419779222743 0.302737033116589 0.351580220777257 0.800884385828474 0.692274190923967 0.839046710470801 0.716234272323271
150 358_INTNODE4637 8 220 0.0220676160452223 0.187846505054897 0.978258506359387 0.812153494945103 0.149982703007365 0.411662799683624 0.943962302016477 0.853598708076308
150 253_INTNODE4613 3 187 0.317207938655841 0.648737032025259 0.706923770861525 0.351262967974741 0.641753437784962 0.69237838528157 0.924086452558113 0.716050755091622
150 155_INTNODE4599 3 161 0.926644819763045 0.944290395765062 0.0796571716662465 0.0557096042349382 0.839565068261235 0.766144680421087 0.578353918433442 0.293390398049617
150 313_INTNODE4608 14 176 0.17467572575664 0.072390364422483 0.835206917850525 0.927609635577517 0.496589165061213 0.279487020723869 0.934988322477891 0.869441698484853
150 356_INTNODE4636 2 209 0.735237892948173 0.958899745114698 0.265293118096856 0.0411002548853016 0.805905181507639 0.768884145890477 0.820409294611142 0.288601826234166
150 220_INTNODE4610 6 186 0.587935429056924 0.415038232795242 0.416312659303314 0.584961767204758 0.768532311304886 0.590154788340687 0.877581485897329 0.80767403602187
150 69_INTNODE4630 3 202 0.550068930943727 0.55508209048753 0.46371725780173 0.44491790951247 0.7564784835101 0.658215208963041 0.888703182742535 0.761570702954422
150 20_INTNODE4618 5 195 0.180863755666905 0.104151753758053 0.83428775948461 0.895848246241947 0.505292103864863 0.323394426879959 0.934921358548997 0.865435759122495
150 93_INTNODE4638 4 181 0.383966244725738 0.816903209308273 0.618079529471935 0.183096790691727 0.684381182199553 0.739188545274082 0.91411166941116 0.567936078009262
150 153_INTNODE4613 1 187 0.0869418132611637 0.220568335588633 0.916779431664411 0.779431664411367 0.329303760136812 0.433506753306598 0.940428286669941 0.848384394720078
150 466_INTNODE4636 10 209 0.935110450297366 0.983007646559048 0.0662701784197111 0.0169923534409516 0.840786251783594 0.773267047818521 0.556086985370405 0.288601826234166
150 328_INTNODE4608 6 176 0.688820259419395 0.204200123533045 0.313773934527486 0.795799876466955 0.795500436354904 0.423173923151893 0.843824005172036 0.851038330444405
150 46_INTNODE4605 3 163 0.0653850717930462 0.383885131126142 0.936988252046992 0.616114868873858 0.269673281006392 0.571158171574457 0.941638135050755 0.815605579487251
150 329_INTNODE4636 10 209 0.92820730671198 0.968670348343246 0.0727485131690739 0.0313296516567545 0.839791867720232 0.770680738524612 0.556086985370405 0.288601826234166
150 126_INTNODE4646 9 236 0.311996418979409 0.661145926589078 0.696508504923903 0.338854073410922 0.637935982986418 0.696399170368406 0.923038641184222 0.708681691321232
150 463_INTNODE4638 21 230 0.340109960363125 0.214422708093594 0.680092059838895 0.785577291906406 0.657617330068541 0.429754680798818 0.921327058174493 0.849391858193923
150 26_INTNODE4675 15 235 0.95540427896638 0.939149763823284 0.0470964156710197 0.0608502361767158 0.843639333390497 0.765165226216302 0.556086985370405 0.304033444965752
150 47_INTNODE4638 6 230 0.0155990282572561 0.0172612197928654 0.984400971742744 0.982738780207135 0.140834615425566 0.160789869034666 0.944292487141769 0.875856461099807
150 290_INTNODE4607 2 172 0.0579797674769742 0.0757964668579194 0.942926166389853 0.924203533142081 0.256361664711711 0.282420457548722 0.941984336660925 0.869023554243823
150 347_INTNODE4637 10 220 0.910207631264268 0.938145450592456 0.0997934558104142 0.0618545494075443 0.837139665223519 0.764972913734814 0.632135763710369 0.307508349022741
150 368_INTNODE4613 5 187 0.0046233649075327 0.0029318899413622 0.995489400090212 0.997068110058638 0.0942681934106711 0.0546216554047397 0.944878791637993 0.877421891058049
