depth_restriction ancestor_site_node number_of_mutations_in_the_subtree maxdepth epistasis_(median)_pvalue epistasis_(mean)_pvalue env_(median)_pvalue env_(mean)_pvalue epimed_FDR epimean_FDR envmed_FDR envmean_FDR
100 401_INTNODE4593 14 138 0.325322599739553 0.499112110808571 0.690659405706168 0.500887889191429 0.625241811175134 0.706945643500516 0.914313274996732 0.785235364835175
100 155_INTNODE4599 3 161 0.924493973163521 0.943143052080964 0.0825562883784398 0.0568569479190357 0.825819874421602 0.820093767441341 0.589680283479316 0.293301490256475
100 253_INTNODE4613 3 187 0.310916933967481 0.636102201083951 0.712753014047119 0.363897798916049 0.614570644545676 0.754567758562157 0.916748231532387 0.726498943963791
100 358_INTNODE4637 8 220 0.0202041684389621 0.165567843470863 0.980327520204168 0.834432156529136 0.126805226685624 0.449614941595445 0.938063923706438 0.858975883508496
100 334_INTNODE4609 7 182 0.707436823104693 0.632635379061372 0.308158844765343 0.367364620938628 0.783925123095066 0.753554257489209 0.826417044766056 0.728378912535268
100 220_INTNODE4610 6 186 0.57848952155002 0.403321470937129 0.426255436931594 0.596678529062871 0.747903237001903 0.660942887852401 0.868169198772101 0.81327570188282
100 356_INTNODE4636 2 209 0.724916736053289 0.949937552039967 0.275603663613655 0.0500624479600333 0.788030931486218 0.821150417962382 0.809812510843381 0.290760473983816
100 313_INTNODE4608 14 176 0.170883799016669 0.0669144981412639 0.838589758963905 0.933085501858736 0.467053798541208 0.285764821587097 0.928345643718568 0.871977247461274
100 197_INTNODE4596 6 110 0.892596854622171 0.94783275795934 0.108937476026084 0.0521672420406598 0.820711470812434 0.820824419090633 0.627288675954612 0.291613453322807
100 199_INTNODE4587 14 102 0.939238653001464 0.946193265007321 0.0629575402635432 0.0538067349926794 0.82808416661857 0.820569663349633 0.581603726743027 0.29223476627542
100 390_INTNODE4613 3 187 0.817055635438558 0.0605021568410574 0.201636987058954 0.939497843158943 0.807329026898268 0.272399102907291 0.756999213918258 0.872739840444272
100 370_INTNODE4595 12 127 0.0346157750482185 0.130240584712212 0.967719013298142 0.869759415287788 0.180554343349775 0.395616877148318 0.937307543443351 0.863924456226773
100 434_INTNODE4675 18 238 0.273132372214941 0.639580602883355 0.735779816513761 0.360419397116645 0.583460810633677 0.755576301527706 0.919142993287208 0.724586358932406
100 328_INTNODE4608 6 176 0.688451852740137 0.196546348483032 0.314066434824319 0.803453651516968 0.779281733528493 0.488346341508949 0.829124214607644 0.854330528177022
100 431_INTNODE4588 9 127 0.392120765832106 0.205817378497791 0.62039764359352 0.794182621502209 0.667879530010187 0.498688551192596 0.905525816667881 0.85288020699842
100 466_INTNODE4636 10 209 0.913509575353872 0.976165695253955 0.0878434637801832 0.023834304746045 0.824093883769918 0.825115449567945 0.591267795341462 0.269277960772436
100 302_INTNODE4595 1 145 0.648969647751497 0.936250126890671 0.363617906811491 0.063749873109329 0.76895609696468 0.819008975261823 0.848891358987656 0.317567263964534
100 331_INTNODE4582 12 120 0.360247721430241 0.477448001869596 0.64185557373218 0.522551998130404 0.648814457231068 0.69766854694503 0.908394868066112 0.792289732888951
100 52_INTNODE4571 4 106 0.0782672386732238 0.0992989431830072 0.929894318300722 0.900701056816993 0.288277441270029 0.336583797482723 0.934923395747511 0.86798190859087
100 82_INTNODE4571 12 106 0.106832688082034 0.658470231244114 0.893690488647065 0.341529768755886 0.353955800871278 0.760911675021547 0.932465152411469 0.713714475149731
100 46_INTNODE4605 3 163 0.0553723706651507 0.366685616827743 0.94712905059693 0.633314383172257 0.232300164416838 0.639286749981835 0.936031832419704 0.8221562995302
100 20_INTNODE4618 5 195 0.176953305594082 0.0963938973647712 0.836107258437356 0.903606102635229 0.475750556485149 0.332897294227263 0.928148180017914 0.868350463602774
100 93_INTNODE4638 4 181 0.365638233514822 0.789715668481549 0.636176648517846 0.210284331518451 0.652191137529541 0.79239748855145 0.90765265616625 0.605519979417164
100 367_INTNODE4582 11 120 0.224818882916569 0.073732180415985 0.795980369245151 0.926267819584015 0.53552386938636 0.298544798211731 0.924798387005764 0.871156360317522
100 69_INTNODE4630 3 202 0.539547335118034 0.544293015332198 0.474689705524458 0.455706984667802 0.734538131393769 0.724571556555576 0.880006306733654 0.768864123849833
100 153_INTNODE4613 1 187 0.0822917818825351 0.210927994690853 0.92146886406371 0.789072005309147 0.296777931957416 0.504820287439876 0.934367420791608 0.852068307733236
100 26_INTNODE4675 15 235 0.911795543905636 0.921494102228047 0.090956749672346 0.0785058977719528 0.823821466043135 0.816642153004248 0.592119757758825 0.364295667766449
100 308_INTNODE4630 1 128 0.00474568021416403 0.0070576782672183 0.995619372110002 0.992942321732782 0.0446771954871009 0.0657874616811115 0.938957139107065 0.878759072791967
100 336_INTNODE4618 1 114 0.990522422561258 0.993527508090615 0.010748959778086 0.00647249190938511 0.835521014241346 0.827644809384483 0.454298045522309 0.236051835256756
100 463_INTNODE4638 21 230 0.325105868118572 0.195281306715064 0.69340592861464 0.804718693284937 0.62508564458515 0.486894173830729 0.91462369640759 0.854526211903132
100 56_INTNODE4591 6 128 0.475947754061803 0.33492619730275 0.559732398853138 0.66507380269725 0.709374534799299 0.618143354292859 0.89634779227174 0.829198358129545
100 435_INTNODE4571 8 106 0.962540546196505 0.988071570576541 0.0443653866276028 0.0119284294234592 0.831544944919832 0.826857879170349 0.567873784246818 0.236051835256756
100 400_INTNODE4572 11 116 0.428989751098097 0.349780380673499 0.59502196193265 0.650219619326501 0.687503404850883 0.628332629714198 0.901892088416312 0.825975450252887
100 149_INTNODE4592 6 137 0.649242424242424 0.733712121212121 0.364772727272727 0.266287878787879 0.769030748417597 0.780036943630165 0.849297653853191 0.66030113564574
100 47_INTNODE4638 6 230 0.0133091349062311 0.0136721113127647 0.986690865093769 0.986327888687235 0.0981188363542168 0.101954604903565 0.938438770660138 0.878045172729064
100 329_INTNODE4636 10 209 0.906952539550375 0.960970024979184 0.0942964196502914 0.039029975020816 0.823047168261184 0.822839949598184 0.592973585690517 0.284921730570004
100 126_INTNODE4646 9 236 0.289704708699122 0.619313647246608 0.718675179569034 0.380686352753392 0.597702755966793 0.749580606700249 0.917377577543727 0.735368668025745
100 172_INTNODE4595 2 145 0.000609075220789767 0.000507562683991473 0.99939092477921 0.999492437316009 0.0210246993934909 0.0132473493699839 0.939173493382519 0.879457841946822
100 307_INTNODE4636 4 135 0.514050791007494 0.781328059950042 0.488447127393838 0.218671940049958 0.72499236359077 0.79063545724091 0.882990548268948 0.614822918020454
100 141_INTNODE4595 2 145 0.00111663790478124 0.000710587757588062 0.998883362095219 0.999289412242412 0.0210246993934909 0.0132473493699839 0.939144466514071 0.879436304126836
100 347_INTNODE4637 10 220 0.887494683113569 0.92854104636325 0.122926414291791 0.0714589536367503 0.819866415970198 0.81778013601948 0.655073133095811 0.342805159038218
100 43_INTNODE4572 14 116 0.146559297218155 0.438360175695461 0.861200585651537 0.561639824304539 0.429098617548593 0.679354258109463 0.930095418805051 0.803910893444384
100 290_INTNODE4607 2 172 0.05565397106584 0.0727782698553292 0.94523176852672 0.927221730144671 0.232863313603798 0.296837030610434 0.935911663443059 0.871271849344588
100 194_INTNODE4638 2 127 0.845251058681186 0.635087719298246 0.160677555958863 0.364912280701754 0.812551304784538 0.754272045733684 0.712842192122855 0.727051759337199
100 368_INTNODE4613 5 187 0.00387125317995797 0.00232275190797478 0.996239354053755 0.997677248092025 0.0414373002175408 0.0288684080618761 0.938992809877875 0.879265004848867
